1.000000000 0.000000000 0.000000000 0.000000000 0.000000000 1.000000000 0.000000000 0.000000000 0.000000000 0.000000000 1.000000000 0.000000000
0.999990046 -0.002850440 -0.003428379 -0.006422844 0.002844705 0.999994576 -0.001676625 -0.023559459 0.003433140 0.001666856 0.999992728 0.685452044
0.999968529 -0.001961024 -0.007689579 -0.012915106 0.001939123 0.999994040 -0.002854592 -0.034895431 0.007695132 0.002839591 0.999966383 1.385591626
0.999930322 -0.001865405 -0.011656892 -0.024745906 0.001812637 0.999988079 -0.004535728 -0.031647909 0.011665215 0.004514282 0.999921799 2.095879555
0.999861360 -0.000779938 -0.016632887 -0.045299836 0.000696790 0.999987245 -0.005004259 -0.040528581 0.016636578 0.004991976 0.999849141 2.826734543
0.999780118 -0.001698106 -0.020899812 -0.070118867 0.001591647 0.999985695 -0.005109369 -0.053710602 0.020908190 0.005074981 0.999768496 3.564961433
0.999669313 -0.000010458 -0.025714202 -0.089720316 -0.000150230 0.999980450 -0.006247050 -0.063562289 0.025713766 0.006248847 0.999649823 4.323556900
0.999528944 0.002654198 -0.030575005 -0.124141566 -0.002860450 0.999973416 -0.006704007 -0.077896960 0.030556401 0.006788308 0.999509990 5.092319489
0.999392092 0.003508149 -0.034687020 -0.164896667 -0.003679091 0.999981403 -0.004865529 -0.098572910 0.034669302 0.004990187 0.999386370 5.871718407
0.999233007 0.004050145 -0.038948383 -0.207615435 -0.004135837 0.999989212 -0.002119829 -0.122150026 0.038939375 0.002279287 0.999238968 6.668591499
0.999107897 0.003392045 -0.042093758 -0.268557221 -0.003362304 0.999994040 0.000777314 -0.136850893 0.042096142 -0.000635089 0.999113381 7.498895645
0.998989761 0.005051218 -0.044653416 -0.314556360 -0.005040226 0.999987245 0.000358729 -0.154582217 0.044654660 -0.000133303 0.999002457 8.319260597
0.998890817 0.004510062 -0.046870355 -0.357111514 -0.004503062 0.999989808 0.000254926 -0.165065840 0.046871025 -0.000043583 0.998900950 9.133516312
0.998819947 0.002256367 -0.048513699 -0.405027837 -0.002259812 0.999997437 -0.000016169 -0.183083788 0.048513535 0.000125782 0.998822510 9.972899437
0.998715639 0.001915367 -0.050630566 -0.448090315 -0.001879423 0.999997973 0.000757521 -0.188668191 0.050631914 -0.000661392 0.998717189 10.810389519
0.998654127 0.000637139 -0.051860686 -0.498945415 -0.000603858 0.999999583 0.000657401 -0.203177482 0.051861081 -0.000625200 0.998654127 11.656571388
0.998546839 0.003687581 -0.053764809 -0.546040773 -0.003793459 0.999991059 -0.001867362 -0.211778507 0.053757440 0.002068603 0.998551905 12.509265900
0.998468280 0.004162736 -0.055170219 -0.590728104 -0.004420611 0.999979854 -0.004552950 -0.219686121 0.055150155 0.004789862 0.998466611 13.362783432
0.998362064 0.009240651 -0.056460679 -0.680700719 -0.009592128 0.999936223 -0.005957337 -0.244592026 0.056402028 0.006489157 0.998387039 14.271487236
0.998305917 0.009607510 -0.057384674 -0.742484331 -0.009955474 0.999933720 -0.005780913 -0.250935584 0.057325330 0.006342411 0.998335421 15.161151886
0.998243630 0.008470376 -0.058633178 -0.805662811 -0.008729069 0.999953270 -0.004157333 -0.266676307 0.058595225 0.004661845 0.998270929 16.056318283
0.998156965 0.009553350 -0.059927981 -0.865785480 -0.009724674 0.999949396 -0.002567820 -0.286062270 0.059900422 0.003145867 0.998199403 16.952402115
0.998116314 0.009091802 -0.060672343 -0.942180634 -0.009264268 0.999953806 -0.002561891 -0.298374593 0.060646251 0.003119150 0.998154461 17.872709274
0.998031795 0.008034720 -0.062193390 -1.010334611 -0.008236692 0.999961615 -0.002991784 -0.316391915 0.062166963 0.003498163 0.998059630 18.774202347
0.997975886 0.005937730 -0.063315950 -1.065131187 -0.006170284 0.999974906 -0.003478012 -0.328681350 0.063293718 0.003861649 0.997987449 19.675916672
0.997945070 0.006875955 -0.063705139 -1.130829096 -0.006996854 0.999974132 -0.001674888 -0.347077578 0.063691966 0.002117181 0.997967362 20.594543457
0.997927368 0.007902682 -0.063863449 -1.184290648 -0.007797117 0.999967813 0.001902037 -0.358466387 0.063876428 -0.001400144 0.997956812 21.509130478
0.997971952 0.008926811 -0.063026391 -1.250164747 -0.008581821 0.999946713 0.005742318 -0.372941971 0.063074298 -0.005189792 0.997995317 22.447307587
0.998069942 0.008182123 -0.061557993 -1.304697633 -0.007667849 0.999933720 0.008585913 -0.379737467 0.061624162 -0.008097325 0.998066604 23.380958557
0.998153090 0.008948440 -0.060086507 -1.361825228 -0.008402953 0.999921203 0.009324903 -0.390085340 0.060165215 -0.008802775 0.998149633 24.328186035
0.998220444 0.009485845 -0.058872454 -1.412989497 -0.009123773 0.999937773 0.006415876 -0.392947674 0.058929652 -0.005867319 0.998244882 25.276449203
0.998249292 0.010754947 -0.058160927 -1.465274572 -0.010684187 0.999941766 0.001527464 -0.399697304 0.058173966 -0.000903387 0.998306036 26.219203949
0.998328030 0.009760493 -0.056972943 -1.523022890 -0.009866202 0.999950111 -0.001574413 -0.400953680 0.056954734 0.002133887 0.998374462 27.172159195
0.998397529 0.007754483 -0.056055203 -1.588667750 -0.007810714 0.999969184 -0.000784103 -0.407432765 0.056047395 0.001220677 0.998427391 28.144569397
0.998394966 0.006070232 -0.056308623 -1.645555615 -0.005841153 0.999974012 0.004231960 -0.421486109 0.056332845 -0.003896260 0.998404443 29.125793457
0.998381615 0.002458208 -0.056816623 -1.706830740 -0.002009165 0.999966323 0.007959156 -0.443000734 0.056834273 -0.007832122 0.998352885 30.076288223
0.998311162 -0.004273504 -0.057935596 -1.743927598 0.004708560 0.999961734 0.007374884 -0.453600943 0.057901859 -0.007635222 0.998293102 31.026401520
0.998224199 -0.005774566 -0.059287928 -1.798661113 0.005994922 0.999975741 0.003539499 -0.465355098 0.059266053 -0.003888640 0.998234630 31.986715317
0.998145521 -0.005552680 -0.060618877 -1.864281416 0.005536234 0.999984562 -0.000439265 -0.474533409 0.060620382 0.000102850 0.998160899 32.964839935
0.998012006 -0.004347887 -0.062874146 -1.930219173 0.004287497 0.999990225 -0.001095386 -0.484121323 0.062878288 0.000823635 0.998020887 33.954750061
0.997985482 -0.003645801 -0.063338093 -2.014576912 0.003669416 0.999993205 0.000256508 -0.502777159 0.063336723 -0.000488405 0.997992098 34.961120605
0.997936904 0.000205804 -0.064201601 -2.091618061 -0.000017149 0.999995708 0.002939009 -0.516624868 0.064201929 -0.002931845 0.997932613 35.933273315
0.997860134 0.000527831 -0.065382451 -2.168921947 -0.000237772 0.999990106 0.004444044 -0.539232135 0.065384150 -0.004418989 0.997850358 36.944145203
0.997782350 0.002035424 -0.066529557 -2.224160433 -0.001555712 0.999972403 0.007261531 -0.559534609 0.066542506 -0.007141927 0.997758031 37.908706665
0.997784555 0.001787758 -0.066504322 -2.289379835 -0.001093060 0.999944448 0.010480826 -0.571635723 0.066519372 -0.010384913 0.997731090 38.908123016
0.997763574 0.006873493 -0.066487603 -2.393889666 -0.006041305 0.999900997 0.012709409 -0.560466945 0.066568382 -0.012279313 0.997706294 39.912864685
0.997757554 0.007023294 -0.066562131 -2.467967749 -0.006204135 0.999902546 0.012505426 -0.580455780 0.066643476 -0.012064422 0.997703910 40.903083801
0.997752845 0.007547561 -0.066575773 -2.531166553 -0.006831591 0.999916434 0.010975335 -0.590131700 0.066653050 -0.010495853 0.997721016 41.901260376
0.997731388 0.010827618 -0.066444077 -2.613180637 -0.010269044 0.999909043 0.008742473 -0.598414838 0.066532694 -0.008040323 0.997751832 42.906658173
0.997685671 0.010745641 -0.067140147 -2.700610161 -0.010179825 0.999909759 0.008763847 -0.605942369 0.067228258 -0.008060089 0.997705042 43.920642853
0.997631013 0.009876109 -0.068079382 -2.779880762 -0.009234392 0.999909997 0.009734287 -0.614470899 0.068169385 -0.009082555 0.997632444 44.906887054
0.997580171 0.011611521 -0.068548687 -2.864017725 -0.010908950 0.999884129 0.010614685 -0.623246670 0.068663992 -0.009841205 0.997591317 45.901283264
0.997537553 0.014770693 -0.068561658 -2.953682423 -0.014314027 0.999872029 0.007147195 -0.640299141 0.068658456 -0.006148201 0.997621298 46.885337830
0.997483492 0.015366214 -0.069213502 -3.035680056 -0.015208158 0.999880373 0.002810011 -0.642606080 0.069248401 -0.001750330 0.997597933 47.841609955
0.997386217 0.016480034 -0.070350036 -3.087234735 -0.016405364 0.999864101 0.001639088 -0.660019875 0.070367485 -0.000480685 0.997521043 48.787620544
0.997390628 0.015609177 -0.070485964 -3.154322863 -0.015254518 0.999868155 0.005567138 -0.686214983 0.070563570 -0.004477383 0.997497261 49.755126953
0.997407734 0.014124876 -0.070557386 -3.228609562 -0.013547335 0.999870777 0.008657260 -0.696434915 0.070670545 -0.007678953 0.997470140 50.733459473
0.997413039 0.012815505 -0.070732199 -3.296572447 -0.012194989 0.999883354 0.009197636 -0.705781937 0.070841826 -0.008311262 0.997452915 51.686424255
0.997436762 0.009453413 -0.070926532 -3.366763115 -0.008922354 0.999929786 0.007800547 -0.699778199 0.070995286 -0.007147721 0.997451067 52.650985718
0.997433066 0.007316050 -0.071230017 -3.441799402 -0.006861664 0.999954522 0.006621731 -0.714319170 0.071275227 -0.006115977 0.997437954 53.609214783
0.997347534 0.006344309 -0.072509415 -3.492951393 -0.005776210 0.999951005 0.008041834 -0.732370615 0.072556876 -0.007601674 0.997335315 54.544742584
0.997306466 0.003951526 -0.073240615 -3.573956013 -0.003070201 0.999921560 0.012141969 -0.742731512 0.073282845 -0.011884401 0.997240365 55.493572235
0.997261941 0.003611378 -0.073861733 -3.645127296 -0.002362739 0.999852955 0.016985483 -0.744274855 0.073912218 -0.016764462 0.997123837 56.454868317
0.997240543 0.004753352 -0.074085839 -3.721171856 -0.003290132 0.999797344 0.019859886 -0.755576253 0.074165232 -0.019561330 0.997054100 57.391872406
0.997113347 0.005466731 -0.075730652 -3.795741796 -0.004269059 0.999863386 0.015967755 -0.755022049 0.075807601 -0.015598362 0.997000456 58.334270477
0.996985912 0.007128736 -0.077254660 -3.869718075 -0.006506711 0.999944389 0.008300339 -0.759756088 0.077309541 -0.007772647 0.996976852 59.249160767
0.996916413 0.009673909 -0.077872507 -3.962165594 -0.009439287 0.999949753 0.003380442 -0.763662159 0.077901296 -0.002634957 0.996957600 60.172859192
0.996771336 0.014667273 -0.078941867 -4.038372993 -0.014371837 0.999887407 0.004309343 -0.770828307 0.078996181 -0.003160890 0.996869922 61.068809509
0.996680796 0.018076867 -0.079376094 -4.140267372 -0.017595705 0.999822378 0.006757130 -0.785778284 0.079484142 -0.005338024 0.996821821 61.967834473
0.996551752 0.020819955 -0.080319032 -4.220060349 -0.020225771 0.999761760 0.008204401 -0.793130040 0.080470711 -0.006551595 0.996735454 62.861839294
0.996465564 0.021548081 -0.081191607 -4.305520058 -0.020964593 0.999747932 0.008032318 -0.802143872 0.081344225 -0.006301779 0.996666133 63.725692749
0.996303082 0.023567652 -0.082612276 -4.391729355 -0.022926612 0.999699295 0.008699836 -0.805530071 0.082792476 -0.006773654 0.996543765 64.582168579
0.996175110 0.024554318 -0.083858579 -4.469483376 -0.023862144 0.999672472 0.009246547 -0.813506007 0.084058151 -0.007210135 0.996434748 65.416259766
0.996044457 0.024190851 -0.085499726 -4.539758205 -0.023470107 0.999680102 0.009425074 -0.809574306 0.085700370 -0.007381105 0.996293604 66.246345520
0.995916843 0.024036441 -0.087016702 -4.601874352 -0.023201734 0.999674678 0.010591352 -0.818999946 0.087242976 -0.008529168 0.996150553 67.050056458
0.995748878 0.026835600 -0.088113874 -4.689215183 -0.025770390 0.999580681 0.013204612 -0.820384383 0.088431284 -0.010877749 0.996022880 67.845161438
0.995599389 0.028466210 -0.089283437 -4.769920826 -0.027036577 0.999486804 0.017181247 -0.820729733 0.089726701 -0.014691722 0.995858073 68.643249512
0.995361030 0.031883974 -0.090773605 -4.855003834 -0.030272063 0.999359608 0.019079601 -0.827012122 0.091323800 -0.016243188 0.995688796 69.424415588
0.995152175 0.034766849 -0.091997132 -4.942504406 -0.033517648 0.999324203 0.015089514 -0.835322261 0.092459574 -0.011932835 0.995644927 70.178680420
0.994975030 0.034767099 -0.093893096 -5.000731945 -0.034124769 0.999381959 0.008438507 -0.854118824 0.094128445 -0.005192024 0.995546520 70.908401489
0.994919896 0.034005366 -0.094752423 -5.100779057 -0.033892274 0.999421537 0.002803046 -0.864426851 0.094792940 0.000422569 0.995496929 71.624618530
0.994877815 0.035110019 -0.094791375 -5.189000607 -0.035144866 0.999381363 0.001302318 -0.858455300 0.094778456 0.002035783 0.995496333 72.325508118
0.994632602 0.038396992 -0.096081406 -5.241642475 -0.038074546 0.999261439 0.005187755 -0.876529396 0.096209630 -0.001501655 0.995359957 72.995529175
0.994545877 0.038779724 -0.096822977 -5.334144592 -0.038222138 0.999240279 0.007607630 -0.892124712 0.097044438 -0.003865355 0.995272517 73.663894653
0.994543850 0.035658531 -0.098035753 -5.393222332 -0.035378449 0.999363422 0.004594414 -0.908473313 0.098137170 -0.001100993 0.995172262 74.300048828
0.994779229 0.027715359 -0.098214999 -5.445440292 -0.027924970 0.999609709 -0.000759949 -0.915497065 0.098155603 0.003498632 0.995164931 74.917892456
0.995004952 0.023835845 -0.096937880 -5.514895439 -0.024516933 0.999682367 -0.005840831 -0.919914305 0.096767873 0.008188275 0.995273292 75.520751953
0.995248914 0.026250461 -0.093757860 -5.583755493 -0.026941506 0.999618351 -0.006112143 -0.930335641 0.093561627 0.008609081 0.995576262 76.118766785
0.995496631 0.031279568 -0.089487731 -5.650889874 -0.031664606 0.999494374 -0.002885969 -0.947431505 0.089352220 0.005706566 0.995983720 76.697219849
0.995849013 0.029469101 -0.086118139 -5.671635151 -0.029503306 0.999564290 0.000875803 -0.969009876 0.086106427 0.001668602 0.996284544 77.284408569
0.996383965 0.026084360 -0.080861628 -5.691494942 -0.025756847 0.999655247 0.005090907 -0.982740700 0.080966547 -0.002989757 0.996712327 77.834671021
0.997115731 0.021594524 -0.072759181 -5.719869614 -0.021056324 0.999745011 0.008156043 -0.988662660 0.072916761 -0.006600478 0.997316182 78.366683960
0.997753084 0.025426371 -0.061986070 -5.754485607 -0.024990750 0.999657333 0.007793040 -0.994901836 0.062162977 -0.006226451 0.998046577 78.884643555
0.998442352 0.030482853 -0.046729535 -5.785588741 -0.030180624 0.999518812 0.007159758 -1.004149199 0.046925299 -0.005738279 0.998881936 79.393707275
0.998939395 0.035742406 -0.029026976 -5.788355350 -0.035542052 0.999340892 0.007389446 -1.008434534 0.029271958 -0.006349931 0.999551296 79.893936157
0.999386370 0.034341723 -0.006890436 -5.779439449 -0.034291409 0.999385297 0.007291659 -1.009994030 0.007136609 -0.007050902 0.999949694 80.381492615
0.999348462 0.030624503 0.019099088 -5.742691517 -0.030779762 0.999495089 0.007888763 -1.019665718 -0.018847855 -0.008471488 0.999786496 80.861282349
0.998361766 0.029896388 0.048784677 -5.702250957 -0.030357538 0.999500871 0.008739192 -1.023362279 -0.048499059 -0.010205857 0.998771071 81.318931580
0.996203125 0.029519927 0.081902012 -5.643670082 -0.030428931 0.999488175 0.009872505 -1.036968231 -0.081568658 -0.012327210 0.996591508 81.773094177
0.992430806 0.029346691 0.119246893 -5.560769558 -0.030735059 0.999479353 0.009820033 -1.047281384 -0.118896611 -0.013410764 0.992816091 82.225227356
