1.000000000 0.000000000 0.000000000 0.000000000 0.000000000 1.000000000 0.000000000 0.000000000 0.000000000 0.000000000 1.000000000 0.000000000
0.999990642 -0.002436189 -0.003572732 0.004260648 0.002428612 0.999994814 -0.002123538 -0.006820463 0.003577887 0.002114841 0.999991357 0.676585078
0.999971271 -0.001295308 -0.007470036 -0.015487861 0.001268598 0.999992788 -0.003579349 -0.008443293 0.007474618 0.003569769 0.999965668 1.365465283
0.999927700 -0.001757255 -0.011894058 -0.004919330 0.001698257 0.999986231 -0.004968576 -0.012130904 0.011902624 0.004948018 0.999916911 2.060916901
0.999876857 -0.000798795 -0.015674241 -0.054608673 0.000713862 0.999985039 -0.005423467 -0.017122418 0.015678339 0.005411609 0.999862432 2.741177797
0.999792039 -0.001821479 -0.020310817 -0.068701029 0.001711166 0.999983728 -0.005447292 -0.029769568 0.020320410 0.005411404 0.999778867 3.480791569
0.999690950 0.000058929 -0.024858864 -0.098579973 -0.000227501 0.999976993 -0.006778395 -0.034653578 0.024857892 0.006781956 0.999668002 4.231391430
0.999561250 0.002938710 -0.029472413 -0.135124445 -0.003155234 0.999968350 -0.007302838 -0.049396992 0.029450020 0.007392627 0.999538898 5.001483440
0.999416947 0.003347595 -0.033978537 -0.167166427 -0.003545542 0.999977112 -0.005767061 -0.055538706 0.033958450 0.005884171 0.999405921 5.788763046
0.999270558 0.002455284 -0.038108908 -0.198098511 -0.002563262 0.999992847 -0.002784788 -0.070397176 0.038101800 0.002880440 0.999269724 6.560717583
0.999139488 0.002179669 -0.041418549 -0.241401017 -0.002189944 0.999997556 -0.000202730 -0.074686527 0.041418005 0.000293260 0.999141872 7.361470699
0.999017894 0.003518800 -0.044168726 -0.287647903 -0.003554243 0.999993443 -0.000723922 -0.084233679 0.044165887 0.000880197 0.999023795 8.184750557
0.998928070 0.003456491 -0.046160772 -0.335576445 -0.003517433 0.999993026 -0.001239043 -0.086637214 0.046156168 0.001400083 0.998933256 9.009162903
0.998836875 0.001034399 -0.048205715 -0.371456683 -0.001122766 0.999997735 -0.001806071 -0.095581189 0.048203740 0.001858094 0.998835802 9.837827682
0.998745501 0.001129510 -0.050061326 -0.419561625 -0.001185125 0.999998689 -0.001081265 -0.104080349 0.050060038 0.001139238 0.998745561 10.668916702
0.998663366 -0.000685555 -0.051682133 -0.462907970 0.000613813 0.999998808 -0.001404012 -0.109349415 0.051683035 0.001370412 0.998662591 11.506347656
0.998571038 0.001990644 -0.053403273 -0.515942037 -0.002181025 0.999991477 -0.003506939 -0.124993175 0.053395838 0.003618402 0.998566866 12.348295212
0.998500764 0.002453745 -0.054682631 -0.567082107 -0.002802474 0.999976218 -0.006301570 -0.132152691 0.054665867 0.006445369 0.998483896 13.208987236
0.998372555 0.006467099 -0.056660242 -0.621151328 -0.006912047 0.999946773 -0.007660457 -0.147611111 0.056607686 0.008039628 0.998364151 14.078860283
0.998336196 0.007259040 -0.057202924 -0.670265377 -0.007690526 0.999943614 -0.007326557 -0.160041913 0.057146516 0.007754288 0.998335660 14.926739693
0.998271823 0.006173821 -0.058440629 -0.728754818 -0.006533042 0.999960899 -0.005957691 -0.169775382 0.058401566 0.006329190 0.998273134 15.816632271
0.998184085 0.006988494 -0.059830111 -0.789557636 -0.007271580 0.999963343 -0.004515087 -0.181996778 0.059796367 0.004941948 0.998198390 16.713443756
0.998127699 0.006477999 -0.060820471 -0.845920682 -0.006759417 0.999967396 -0.004422429 -0.197103471 0.060789842 0.004825259 0.998138905 17.613067627
0.998029649 0.006772509 -0.062377360 -0.904204965 -0.007111784 0.999961078 -0.005218646 -0.210418835 0.062339593 0.005651978 0.998039007 18.502815247
0.997972190 0.005989920 -0.063368984 -0.965289533 -0.006387813 0.999961138 -0.006078258 -0.227270588 0.063330106 0.006470722 0.997971654 19.404848099
0.997931659 0.005245173 -0.064069763 -1.019200444 -0.005537531 0.999975026 -0.004386394 -0.232625589 0.064045161 0.004732109 0.997935772 20.307046890
0.997924685 0.006958954 -0.064014889 -1.090554714 -0.007035525 0.999974787 -0.000970791 -0.245217428 0.064006515 0.001419155 0.997948468 21.245084763
0.997966945 0.005197387 -0.063521557 -1.134884477 -0.005027007 0.999983311 0.002841772 -0.244925067 0.063535266 -0.002516671 0.997976422 22.155031204
0.998086214 0.006606651 -0.061484188 -1.197846770 -0.006247181 0.999962270 0.006036942 -0.272478729 0.061521754 -0.005641286 0.998089790 23.056701660
0.998180866 0.007090470 -0.059872519 -1.261058569 -0.006705339 0.999955535 0.006630997 -0.276889116 0.059916873 -0.006217469 0.998184025 24.004009247
0.998257041 0.007012619 -0.058598254 -1.313276291 -0.006793910 0.999969184 0.003930738 -0.279374987 0.058624011 -0.003525776 0.998273909 24.928209305
0.998302519 0.008561497 -0.057609361 -1.368712187 -0.008625469 0.999962449 -0.000861883 -0.294190377 0.057599816 0.001357328 0.998338819 25.846269608
0.998377144 0.006991680 -0.056517206 -1.423673153 -0.007214770 0.999966979 -0.003744212 -0.301763177 0.056489162 0.004145894 0.998394608 26.798875809
0.998443961 0.005205749 -0.055520475 -1.480008364 -0.005358886 0.999982238 -0.002609680 -0.312825859 0.055505902 0.002903147 0.998454154 27.745695114
0.998432696 0.004080638 -0.055816315 -1.531583905 -0.003975651 0.999990106 0.001991848 -0.322309166 0.055823892 -0.001766820 0.998439074 28.705196381
0.998388469 0.000123959 -0.056748573 -1.580363393 0.000184342 0.999985278 0.005427486 -0.332087308 0.056748409 -0.005429200 0.998373747 29.683048248
0.998314142 -0.007501226 -0.057554830 -1.636217237 0.007804777 0.999956787 0.005051145 -0.349472016 0.057514455 -0.005491832 0.998329580 30.615417480
0.998223543 -0.009358231 -0.058839984 -1.682501435 0.009434901 0.999954939 0.001025345 -0.358961165 0.058827735 -0.001578673 0.998266876 31.533227921
0.998149455 -0.008900306 -0.060153738 -1.749308348 0.008724700 0.999956906 -0.003181324 -0.363859594 0.060179457 0.002650613 0.998184025 32.519195557
0.998048902 -0.007275589 -0.062011696 -1.819936872 0.007067449 0.999968648 -0.003575135 -0.386433810 0.062035762 0.003129896 0.998069048 33.494483948
0.997981668 -0.007918616 -0.063007385 -1.881876826 0.007771264 0.999966443 -0.002583364 -0.384908497 0.063025728 0.002088503 0.998009741 34.502243042
0.997923076 -0.004357757 -0.064269014 -1.953228116 0.004371964 0.999990463 0.000080426 -0.397563010 0.064268045 -0.000361240 0.997932613 35.495410919
0.997824311 -0.004416496 -0.065781221 -2.013154745 0.004522792 0.999988675 0.001467064 -0.410171062 0.065773994 -0.001761387 0.997833014 36.466575623
0.997809470 -0.003282626 -0.066071957 -2.100164413 0.003552585 0.999985814 0.003968768 -0.419234097 0.066057995 -0.004194801 0.997806966 37.437835693
0.997814834 -0.003334721 -0.065988392 -2.164891958 0.003809326 0.999967754 0.007067733 -0.431710094 0.065962702 -0.007303660 0.997795343 38.426612854
0.997797847 0.003512154 -0.066235319 -2.257436037 -0.002903931 0.999952734 0.009276798 -0.440619200 0.066264763 -0.009064026 0.997760892 39.429653168
0.997775078 0.002236496 -0.066632248 -2.310378551 -0.001662659 0.999961078 0.008666203 -0.440369815 0.066649042 -0.008536135 0.997739971 40.395175934
0.997796178 0.002542561 -0.066304341 -2.381972313 -0.002088414 0.999973893 0.006917844 -0.444696546 0.066320196 -0.006764127 0.997775435 41.384880066
0.997782886 0.005291271 -0.066342607 -2.455323219 -0.004987621 0.999976337 0.004741787 -0.454426169 0.066366121 -0.004400381 0.997785628 42.366611481
0.997729003 0.004959603 -0.067173317 -2.530994415 -0.004652506 0.999978006 0.004727383 -0.461729109 0.067195281 -0.004404122 0.997730136 43.373500824
0.997669637 0.003049446 -0.068161659 -2.607443810 -0.002652868 0.999979019 0.005907943 -0.470075488 0.068178244 -0.005713352 0.997656822 44.354831696
0.997586846 0.003418509 -0.069345295 -2.672536612 -0.002930427 0.999970198 0.007138951 -0.478180647 0.069367632 -0.006918513 0.997567177 45.349510193
0.997548640 0.006174199 -0.069703974 -2.737293005 -0.005936947 0.999975860 0.003610354 -0.492982179 0.069724582 -0.003187674 0.997561216 46.304191589
0.997504056 0.007024007 -0.070259035 -2.812776566 -0.007092528 0.999974608 -0.000725826 -0.497920722 0.070252150 0.001222329 0.997528493 47.246372223
0.997427166 0.007800379 -0.071261212 -2.858516693 -0.007941772 0.999967039 -0.001701027 -0.517686784 0.071245596 0.002262591 0.997456253 48.175762177
0.997431695 0.007102459 -0.071271449 -2.926110506 -0.006992062 0.999973953 0.001798339 -0.532802999 0.071282372 -0.001295386 0.997455359 49.143409729
0.997432470 0.005004464 -0.071438149 -2.997166395 -0.004670800 0.999977410 0.004836954 -0.544511795 0.071460739 -0.004490861 0.997433305 50.116165161
0.997429132 0.003093133 -0.071592756 -3.064549685 -0.002699388 0.999980688 0.005595894 -0.552713513 0.071608685 -0.005388251 0.997418225 51.078445435
0.997414529 0.000025981 -0.071862601 -3.132226229 0.000278531 0.999991000 0.004227405 -0.560901880 0.071862064 -0.004236491 0.997405589 52.034690857
0.997384250 -0.001928757 -0.072255656 -3.197163343 0.002134369 0.999993861 0.002768526 -0.572958708 0.072249874 -0.002915505 0.997382283 52.976127625
0.997322798 -0.003591717 -0.073036902 -3.276217937 0.003908962 0.999983549 0.004201155 -0.589706659 0.073020615 -0.004475406 0.997320414 53.924331665
0.997231841 -0.006423756 -0.074077301 -3.347498417 0.007042724 0.999942422 0.008097526 -0.594363868 0.074021019 -0.008596817 0.997219622 54.877956390
0.997175872 -0.007116864 -0.074764103 -3.412936926 0.008131103 0.999878883 0.013270240 -0.603163123 0.074660599 -0.013840677 0.997112930 55.817626953
0.997156680 -0.004996909 -0.075190075 -3.488442421 0.006183650 0.999859810 0.015558690 -0.609558284 0.075101785 -0.015979402 0.997047842 56.756992340
0.997026026 -0.004894486 -0.076910317 -3.557129383 0.005802154 0.999916077 0.011582625 -0.605783284 0.076847166 -0.011994424 0.996970713 57.681175232
0.996967316 -0.002505732 -0.077781431 -3.647920132 0.002809203 0.999988854 0.003792410 -0.614918172 0.077771060 -0.003999413 0.996963203 58.597732544
0.996892154 -0.000913876 -0.078773148 -3.725487232 0.000821954 0.999998927 -0.001199338 -0.620295942 0.078774162 0.001130862 0.996891856 59.514484406
0.996796906 0.004171296 -0.079865865 -3.810163736 -0.004202979 0.999991119 -0.000228592 -0.634272814 0.079864211 0.000563534 0.996805608 60.412620544
0.996748269 0.007017689 -0.080272630 -3.899230480 -0.006867362 0.999974132 0.002148645 -0.647574186 0.080285624 -0.001590397 0.996770620 61.287952423
0.996603251 0.010399141 -0.081693709 -3.956930876 -0.010114745 0.999941289 0.003894343 -0.672879398 0.081729412 -0.003054804 0.996649861 62.130203247
0.996501625 0.011174313 -0.082822889 -4.034087181 -0.010915645 0.999934018 0.003575299 -0.683075964 0.082857370 -0.002658726 0.996557891 62.994220734
0.996345460 0.012843126 -0.084444076 -4.107030869 -0.012504408 0.999911487 0.004538858 -0.698081493 0.084494904 -0.003466347 0.996417880 63.833011627
0.996248901 0.013904614 -0.085409202 -4.197779179 -0.013513440 0.999895394 0.005156460 -0.708278596 0.085471965 -0.003982945 0.996332586 64.659416199
0.996124744 0.013566107 -0.086899266 -4.276722431 -0.013127006 0.999898016 0.005622471 -0.720455945 0.086966679 -0.004459955 0.996201217 65.480628967
0.996003807 0.013301534 -0.088314436 -4.346710205 -0.012759882 0.999896169 0.006694953 -0.730137825 0.088394322 -0.005541318 0.996070147 66.281684875
0.995842695 0.016355647 -0.089609578 -4.422019482 -0.015575370 0.999834538 0.009399917 -0.736004412 0.089748487 -0.007965136 0.995932639 67.059776306
0.995731294 0.017191483 -0.090684049 -4.509007931 -0.016014317 0.999777973 0.013692688 -0.746234655 0.090899311 -0.012181995 0.995785594 67.847541809
0.995511055 0.020335430 -0.092435010 -4.582464218 -0.019010542 0.999703884 0.015191276 -0.742941022 0.092716552 -0.013365842 0.995602846 68.594680786
0.995317876 0.023211021 -0.093827613 -4.664019108 -0.022269893 0.999690771 0.011065174 -0.749611259 0.094055437 -0.008923834 0.995526969 69.350204468
0.995203912 0.023121232 -0.095050372 -4.746023178 -0.022852538 0.999731183 0.003914570 -0.758915544 0.095115326 -0.001723653 0.995464742 70.069831848
0.995042861 0.022369405 -0.096898317 -4.799618721 -0.022629717 0.999742627 -0.001588167 -0.774282157 0.096837848 0.003773076 0.995293021 70.762313843
0.994998395 0.023377217 -0.097117074 -4.880849838 -0.023764040 0.999713600 -0.002828113 -0.777521312 0.097023152 0.005121862 0.995268941 71.452720642
0.994865119 0.026355034 -0.097717948 -4.958123684 -0.026408719 0.999650955 0.000744213 -0.789949656 0.097703449 0.001840214 0.995213866 72.122192383
0.994747519 0.026469115 -0.098877363 -5.035114288 -0.026297133 0.999649525 0.003042442 -0.805686235 0.098923244 -0.000426270 0.995094955 72.773818970
0.994764149 0.023470692 -0.099465825 -5.111002445 -0.023608595 0.999721229 -0.000209438 -0.817885637 0.099433176 0.002556590 0.995040953 73.396446228
0.994888186 0.015181539 -0.099834748 -5.156815529 -0.015781760 0.999861836 -0.005225095 -0.832992971 0.099741630 0.006773953 0.994990289 74.009330750
0.995043159 0.011090674 -0.098823793 -5.217426300 -0.012155155 0.999874353 -0.010175932 -0.841964483 0.098698519 0.011326710 0.995052934 74.613311768
0.995330989 0.013578039 -0.095560670 -5.282882690 -0.014624555 0.999840438 -0.010259449 -0.856595755 0.095406115 0.011609081 0.995370746 75.201873779
0.995618522 0.018590894 -0.091641605 -5.342944145 -0.019326691 0.999787688 -0.007148121 -0.871902823 0.091489255 0.008887931 0.995766401 75.780876160
0.996077240 0.017156534 -0.086808763 -5.395054340 -0.017583877 0.999836743 -0.004160490 -0.883614182 0.086723216 0.005670605 0.996216297 76.338661194
0.996591151 0.013540356 -0.081380188 -5.424812794 -0.013577270 0.999907792 0.000099779 -0.897550583 0.081374034 0.001005482 0.996683121 76.889297485
0.997274458 0.009214668 -0.073203407 -5.455774784 -0.008976465 0.999953270 0.003582326 -0.911865652 0.073233001 -0.002915454 0.997310579 77.426300049
0.997979403 0.012897620 -0.062215250 -5.494100571 -0.012711583 0.999913454 0.003385129 -0.919331968 0.062253524 -0.002587435 0.998057008 77.939071655
0.998718798 0.018021356 -0.047285818 -5.518476486 -0.017912809 0.999835849 0.002718307 -0.925415993 0.047327042 -0.001867803 0.998877704 78.446891785
0.999301136 0.023271490 -0.029251337 -5.529819965 -0.023189753 0.999726176 0.003130476 -0.931364298 0.029316179 -0.002449957 0.999567211 78.944946289
0.999735892 0.021824399 -0.007196380 -5.519025803 -0.021798233 0.999755561 0.003694893 -0.938532293 0.007275260 -0.003537048 0.999967277 79.421447754
0.999654055 0.018117944 0.019065810 -5.488884926 -0.018206479 0.999824226 0.004480324 -0.944172025 -0.018981284 -0.004825895 0.999808192 79.883705139
0.998673975 0.017073343 0.048567180 -5.446605682 -0.017368278 0.999833167 0.005657167 -0.950261414 -0.048462491 -0.006493194 0.998803914 80.342742920
0.996518373 0.016666407 0.081691004 -5.388622284 -0.017284067 0.999827087 0.006859568 -0.958138227 -0.081562556 -0.008247638 0.996634126 80.794418335
0.992720425 0.016868876 0.119254358 -5.310929775 -0.017839512 0.999815822 0.007076296 -0.963199377 -0.119113021 -0.009152223 0.992838502 81.238906860
