1.000000000 0.000000000 0.000000000 0.000000000 0.000000000 1.000000000 0.000000000 0.000000000 0.000000000 0.000000000 1.000000000 0.000000000
0.999990761 -0.002374341 -0.003584275 0.001964742 0.002367784 0.999995530 -0.001832401 -0.011080557 0.003588609 0.001823898 0.999991894 0.681068063
0.999970734 -0.001075434 -0.007578324 -0.013132428 0.001045605 0.999991715 -0.003938967 -0.007778166 0.007582497 0.003930928 0.999963522 1.353803277
0.999936104 -0.000508979 -0.011293192 -0.028875157 0.000446099 0.999984384 -0.005569768 0.004370109 0.011295850 0.005564373 0.999920726 2.082419872
0.999875188 -0.001073567 -0.015764087 -0.071270198 0.000993099 0.999986470 -0.005111422 -0.024672346 0.015769362 0.005095129 0.999862671 2.816310406
0.999789834 -0.002105391 -0.020392768 -0.086853631 0.001998279 0.999984086 -0.005271430 -0.035149526 0.020403542 0.005229572 0.999778152 3.564034939
0.999694228 -0.000355394 -0.024725590 -0.115938276 0.000195372 0.999979019 -0.006474029 -0.045376427 0.024727371 0.006467218 0.999673307 4.312909126
0.999574363 0.004197410 -0.028870137 -0.159974396 -0.004393547 0.999967694 -0.006733717 -0.079723224 0.028840939 0.006857693 0.999560475 5.020663261
0.999447405 0.004472931 -0.032937564 -0.202397570 -0.004626503 0.999978781 -0.004587796 -0.103639446 0.032916345 0.004737647 0.999446869 5.804640770
0.999271989 0.004933372 -0.037830368 -0.213717639 -0.005025409 0.999984622 -0.002338176 -0.109453410 0.037818253 0.002526587 0.999281466 6.594296455
0.999159992 0.003466487 -0.040831972 -0.274392754 -0.003452226 0.999993980 0.000419769 -0.112992302 0.040833179 -0.000278455 0.999165952 7.396350861
0.999042511 0.004749840 -0.043491930 -0.317938149 -0.004753835 0.999988675 0.000011550 -0.126444340 0.043491490 0.000195214 0.999053776 8.215683937
0.998950720 0.005251735 -0.045495290 -0.368702352 -0.005271919 0.999986053 -0.000323658 -0.135192648 0.045492958 0.000563165 0.998964489 9.043851852
0.998882890 0.002056078 -0.047209579 -0.405818462 -0.002094997 0.999997497 -0.000774935 -0.140131980 0.047207866 0.000872973 0.998884678 9.848501205
0.998783648 0.002019845 -0.049265638 -0.446574271 -0.002017993 0.999997973 0.000087326 -0.151369274 0.049265712 0.000012198 0.998785734 10.680249214
0.998698592 0.000461869 -0.050999619 -0.478918821 -0.000479843 0.999999821 -0.000340198 -0.149287447 0.050999455 0.000364227 0.998698592 11.514557838
0.998616993 0.003921457 -0.052428637 -0.530055165 -0.004049806 0.999989033 -0.002342065 -0.171550721 0.052418876 0.002551152 0.998621941 12.315513611
0.998533964 0.004929179 -0.053903881 -0.570448279 -0.005200484 0.999974489 -0.004894016 -0.189362526 0.053878386 0.005167167 0.998534143 13.166640282
0.998417318 0.008721892 -0.055558398 -0.640036464 -0.009092556 0.999938011 -0.006422325 -0.197951809 0.055498943 0.006917328 0.998434782 14.049158096
0.998340428 0.009764668 -0.056754351 -0.679865956 -0.010135587 0.999929070 -0.006251341 -0.205071092 0.056689285 0.006816205 0.998368621 14.895070076
0.998281777 0.008483382 -0.057978258 -0.740615129 -0.008766845 0.999950826 -0.004636510 -0.215749219 0.057936072 0.005136829 0.998307109 15.787517548
0.998174369 0.008481917 -0.059799917 -0.776508987 -0.008722671 0.999954879 -0.003766107 -0.195579618 0.059765272 0.004280846 0.998203278 16.671270370
0.998135209 0.008063695 -0.060507186 -0.850641906 -0.008304630 0.999958575 -0.003731515 -0.208753899 0.060474589 0.004227046 0.998160779 17.586061478
0.998029888 0.007764749 -0.062257886 -0.914917588 -0.008055838 0.999957740 -0.004425869 -0.222416908 0.062220894 0.004918689 0.998050272 18.498338699
0.997966349 0.005749892 -0.063483208 -0.964400589 -0.006070795 0.999969721 -0.004863203 -0.239627317 0.063453332 0.005238706 0.997971058 19.398914337
0.997935474 0.007187050 -0.063821100 -1.024229646 -0.007418441 0.999966741 -0.003389379 -0.255345345 0.063794620 0.003855835 0.997955620 20.292213440
0.997917593 0.008039366 -0.063998513 -1.076674461 -0.008040298 0.999967635 0.000243011 -0.269727737 0.063998394 0.000272062 0.997949958 21.207071304
0.997985721 0.009438480 -0.062732868 -1.156515360 -0.009206205 0.999949634 0.003990651 -0.289883941 0.062767379 -0.003405081 0.998022377 22.133029938
0.998080432 0.009110232 -0.061257292 -1.207621217 -0.008710702 0.999939024 0.006786066 -0.298843324 0.061315376 -0.006239446 0.998098969 23.036882401
0.998163104 0.009896549 -0.059770208 -1.263980865 -0.009456596 0.999926090 0.007639139 -0.311419636 0.059841391 -0.007059885 0.998182952 23.977102280
0.998249412 0.009904784 -0.058309730 -1.318432331 -0.009631940 0.999941289 0.004958437 -0.320793629 0.058355417 -0.004388121 0.998286247 24.873188019
0.998283386 0.011140920 -0.057499353 -1.379381180 -0.011166949 0.999937654 -0.000131366 -0.317201048 0.057494301 0.000773232 0.998345554 25.851108551
0.998324454 0.009211521 -0.057126567 -1.394798636 -0.009439555 0.999948502 -0.003723174 -0.291136950 0.057089329 0.004256185 0.998359978 26.813163757
0.998439252 0.007585469 -0.055331491 -1.502591848 -0.007691505 0.999968946 -0.001703674 -0.345429242 0.055316851 0.002126597 0.998466611 27.760810852
0.998439550 0.004773160 -0.055638950 -1.534770727 -0.004575764 0.999982774 0.003674674 -0.358588576 0.055655535 -0.003414349 0.998444200 28.690025330
0.998411775 0.000490742 -0.056335151 -1.592096925 -0.000077994 0.999973118 0.007328626 -0.378561735 0.056337237 -0.007312594 0.998385012 29.665296555
0.998326838 -0.006500250 -0.057456613 -1.631922603 0.006886252 0.999954998 0.006522722 -0.376427323 0.057411626 -0.006907469 0.998326719 30.619560242
0.998239040 -0.007600138 -0.058830384 -1.693720222 0.007768584 0.999966323 0.002635078 -0.386747986 0.058808375 -0.003087467 0.998264492 31.621885300
0.998159230 -0.007618705 -0.060167160 -1.757461190 0.007549742 0.999970555 -0.001373433 -0.391497821 0.060175855 0.000916658 0.998187363 32.599819183
0.998032928 -0.005773232 -0.062425353 -1.807831407 0.005658816 0.999981999 -0.002009487 -0.408230662 0.062435828 0.001652281 0.998047590 33.557556152
0.997991085 -0.006277894 -0.063042492 -1.884409904 0.006250927 0.999980271 -0.000624997 -0.410185516 0.063045174 0.000229668 0.998010635 34.549568176
0.997933924 -0.003094268 -0.064174041 -1.953020096 0.003245002 0.999992192 0.002244730 -0.425670773 0.064166591 -0.002448337 0.997936189 35.514827728
0.997847557 -0.002963522 -0.065509409 -2.017554045 0.003207974 0.999988258 0.003626681 -0.437992692 0.065497890 -0.003829027 0.997845352 36.500984192
0.997785866 -0.001733141 -0.066486195 -2.090905905 0.002149664 0.999978483 0.006193771 -0.449540675 0.066474035 -0.006322980 0.997768104 37.488368988
0.997787654 -0.001873750 -0.066455424 -2.155745745 0.002498688 0.999953449 0.009322003 -0.459303528 0.066434860 -0.009467430 0.997745872 38.486225128
0.997757852 0.003559839 -0.066832431 -2.239319324 -0.002801234 0.999930620 0.011441129 -0.453582674 0.066868521 -0.011228264 0.997698605 39.474662781
0.997735381 0.004724253 -0.067095563 -2.297442913 -0.004000368 0.999932408 0.010919129 -0.461759120 0.067142606 -0.010625995 0.997686803 40.479389191
0.997751236 0.005755166 -0.066778764 -2.382099390 -0.005150517 0.999944210 0.009223140 -0.470118463 0.066828117 -0.008858454 0.997725189 41.498641968
0.997734189 0.007861425 -0.066818252 -2.445543766 -0.007400662 0.999947131 0.007140511 -0.481759191 0.066870853 -0.006629832 0.997739613 42.462558746
0.997679830 0.007869919 -0.067623951 -2.523285389 -0.007395382 0.999946237 0.007264771 -0.494567573 0.067677490 -0.006747811 0.997684419 43.465610504
0.997601390 0.005342871 -0.069013767 -2.584437847 -0.004759595 0.999951601 0.008613264 -0.503786802 0.069056444 -0.008264126 0.997578502 44.475242615
0.997552931 0.004876063 -0.069745198 -2.663647652 -0.004187692 0.999941111 0.010012594 -0.512811780 0.069789916 -0.009696021 0.997514606 45.417491913
0.997525930 0.007337569 -0.069915272 -2.745628595 -0.006900497 0.999955118 0.006490926 -0.523103714 0.069959767 -0.005992417 0.997531831 46.396076202
0.997460067 0.008288534 -0.070744343 -2.818989038 -0.008146800 0.999964178 0.002291784 -0.530923069 0.070760809 -0.001709623 0.997491837 47.362285614
0.997410774 0.009346168 -0.071304657 -2.882016420 -0.009270739 0.999956071 0.001388732 -0.549586177 0.071314506 -0.000724090 0.997453630 48.290431976
0.997421086 0.008890742 -0.071219295 -2.956515312 -0.008536263 0.999949634 0.005280102 -0.577415526 0.071262658 -0.004658538 0.997446716 49.257820129
0.997425735 0.006473479 -0.071414284 -3.034277916 -0.005914433 0.999950230 0.008036893 -0.569134653 0.071462758 -0.007593829 0.997414351 50.234973907
0.997431397 0.004670302 -0.071476243 -3.119743586 -0.004038136 0.999951482 0.008986360 -0.589131176 0.071514748 -0.008674647 0.997401834 51.233386993
0.997434139 0.001978166 -0.071562596 -3.190829039 -0.001441654 0.999970496 0.007547971 -0.592550814 0.071575411 -0.007425436 0.997407556 52.190940857
0.997408509 -0.000814014 -0.071942076 -3.264133930 0.001270438 0.999979377 0.006298792 -0.600452960 0.071935460 -0.006373866 0.997388899 53.137897491
0.997334778 -0.001614496 -0.072943747 -3.314576149 0.002185697 0.999967575 0.007751567 -0.610895097 0.072928861 -0.007890340 0.997305930 54.035739899
0.997273564 -0.004286090 -0.073668584 -3.396041632 0.005173828 0.999916255 0.011863817 -0.619289994 0.073611557 -0.012212619 0.997212231 54.983703613
0.997191727 -0.005102845 -0.074716963 -3.450134039 0.006371423 0.999839425 0.016749945 -0.614375830 0.074619494 -0.017178960 0.997064114 55.942634583
0.997155428 -0.004408512 -0.075243898 -3.532437325 0.005884530 0.999794364 0.019406041 -0.616054952 0.075142868 -0.019793613 0.996976316 56.896976471
0.997066796 -0.002459260 -0.076497056 -3.614344597 0.003634234 0.999877512 0.015224313 -0.619440317 0.076450251 -0.015457666 0.996953547 57.817279816
0.996988595 0.000190417 -0.077548347 -3.710320473 0.000399994 0.999971032 0.007597842 -0.638356328 0.077547543 -0.007605981 0.996959627 58.769523621
0.996938646 0.002657473 -0.078142971 -3.804733515 -0.002459822 0.999993503 0.002625497 -0.643684328 0.078149438 -0.002425241 0.996938705 59.693042755
0.996828318 0.006296386 -0.079332225 -3.881670713 -0.006023836 0.999975085 0.003674408 -0.647402823 0.079353385 -0.003184870 0.996841431 60.577198029
0.996700644 0.010274748 -0.080512710 -3.931221724 -0.009833341 0.999934375 0.005877054 -0.659907162 0.080567814 -0.005065955 0.996736228 61.463329315
0.996573985 0.012922646 -0.081690036 -3.974768877 -0.012343961 0.999895036 0.007584997 -0.664239287 0.081779473 -0.006550632 0.996628940 62.260440826
0.996487200 0.013721889 -0.082613103 -4.058294296 -0.013155971 0.999886155 0.007390715 -0.674113631 0.082705118 -0.006277897 0.996554315 63.124691010
0.996324360 0.015354422 -0.084273711 -4.146108150 -0.014731546 0.999859393 0.008008019 -0.671789646 0.084384829 -0.006737103 0.996410489 64.007019043
0.996224582 0.016340166 -0.085261814 -4.230813980 -0.015630767 0.999837518 0.008981262 -0.696599543 0.085394718 -0.007614647 0.996318102 64.822647095
0.996062577 0.015356801 -0.087312736 -4.287719250 -0.014631038 0.999852955 0.008946156 -0.676644146 0.087437280 -0.007633455 0.996140778 65.688522339
0.995944917 0.015273040 -0.088658981 -4.359818935 -0.014435278 0.999844968 0.010082783 -0.684700131 0.088799231 -0.008762080 0.996011019 66.493301392
0.995790839 0.018312810 -0.089806847 -4.447360992 -0.017239692 0.999770582 0.012710411 -0.689996660 0.090019010 -0.011108669 0.995878100 67.287521362
0.995660424 0.019546671 -0.090985127 -4.523070812 -0.018097790 0.999696374 0.016722340 -0.686044455 0.091284372 -0.015003142 0.995711863 68.079345703
0.995471716 0.022978462 -0.092238836 -4.616574764 -0.021332752 0.999595881 0.018788449 -0.698849440 0.092633285 -0.016735662 0.995559633 68.814140320
0.995286345 0.025878940 -0.093463369 -4.703406334 -0.024608899 0.999588847 0.014715912 -0.703543544 0.093805768 -0.012346515 0.995513976 69.576179504
0.995142698 0.025741888 -0.095017932 -4.769139290 -0.025139140 0.999655545 0.007535310 -0.710467279 0.095179178 -0.005110040 0.995447040 70.284996033
0.995078921 0.025016796 -0.095875621 -4.874368668 -0.024994817 0.999686539 0.001430392 -0.705325723 0.095881358 0.000973040 0.995392323 71.011428833
0.995025098 0.026049849 -0.096158303 -4.961900711 -0.026104182 0.999659002 0.000693111 -0.727967799 0.096143566 0.001820470 0.995365798 71.764686584
0.994887173 0.028814983 -0.096794583 -5.034547806 -0.028542876 0.999583781 0.004194942 -0.733606756 0.096875168 -0.001410699 0.995295525 72.428115845
0.994775712 0.028693605 -0.097969286 -5.116262913 -0.028167032 0.999580383 0.006754021 -0.753781199 0.098121978 -0.003959232 0.995166540 73.087013245
0.994756401 0.025892230 -0.098940708 -5.174011230 -0.025677083 0.999664366 0.003447478 -0.759756327 0.098996766 -0.000888892 0.995087385 73.712211609
0.994959056 0.017919358 -0.098668158 -5.237606049 -0.018150654 0.999834239 -0.001446985 -0.783851862 0.098625869 0.003230582 0.995119333 74.304412842
0.995133102 0.014121076 -0.097522981 -5.301216602 -0.014824828 0.999868989 -0.006495401 -0.788824320 0.097418480 0.007909550 0.995212078 74.910675049
