1.000000000 -0.000000075 -0.000000024 -0.000001205 -0.000000075 1.000000000 -0.000000004 0.000000179 -0.000000024 -0.000000004 0.999999940 -0.000000983
0.999991179 -0.001481000 -0.003935457 -0.006078411 0.001480383 0.999998927 -0.000121939 -0.002541732 0.003935584 0.000116105 0.999992192 0.483982801
0.999972165 -0.001049472 -0.007380436 -0.001134729 0.001044541 0.999999285 -0.000651910 -0.005680058 0.007381066 0.000644177 0.999972463 1.100245595
0.999937773 -0.001134322 -0.011097953 -0.008933334 0.001124483 0.999998987 -0.000879576 -0.005628418 0.011098891 0.000867035 0.999938011 1.779888630
0.999883235 0.000136892 -0.015280906 -0.015729208 -0.000157475 0.999999106 -0.001336057 -0.009949785 0.015280662 0.001338300 0.999882221 2.438704491
0.999806464 -0.000461658 -0.019668225 -0.036652565 0.000439741 0.999999344 -0.001111151 -0.014874686 0.019668676 0.001102280 0.999805927 3.064305305
0.999726593 0.000565087 -0.023374304 -0.050331388 -0.000597009 0.999998868 -0.001352356 -0.023323998 0.023373466 0.001365934 0.999725759 3.722457170
0.999613285 0.002119905 -0.027726239 -0.067357294 -0.002162624 0.999996483 -0.001505508 -0.032610483 0.027722903 0.001564878 0.999614298 4.429804802
0.999488831 0.002420673 -0.031874508 -0.088456221 -0.002456944 0.999996364 -0.001094249 -0.036943648 0.031871699 0.001171995 0.999491215 5.147288799
0.999356389 0.002540857 -0.035779219 -0.130085349 -0.002530523 0.999996722 0.000338234 -0.048165582 0.035779916 -0.000247485 0.999359548 5.927697659
0.999239445 0.001420135 -0.038965765 -0.169665381 -0.001376405 0.999998391 0.001152803 -0.065248795 0.038967293 -0.001098302 0.999239802 6.798738956
0.999157310 0.001677073 -0.041007347 -0.206226766 -0.001626732 0.999997914 0.001264494 -0.072450221 0.041009329 -0.001196730 0.999157965 7.675611496
0.999087691 0.001808762 -0.042667795 -0.250000685 -0.001753791 0.999997556 0.001329173 -0.076426648 0.042670045 -0.001253140 0.999088347 8.574741364
0.999018073 0.000619261 -0.044300929 -0.287959635 -0.000563530 0.999999046 0.001273846 -0.090552956 0.044301618 -0.001247639 0.999017358 9.481121063
0.998933971 -0.000094888 -0.046161901 -0.324593872 0.000179969 0.999998271 0.001842155 -0.095421158 0.046161592 -0.001848508 0.998932183 10.349786758
0.998877585 -0.002140702 -0.047318704 -0.374839664 0.002237130 0.999995470 0.001988132 -0.111738145 0.047314182 -0.002091769 0.998877764 11.273325920
0.998835385 -0.000501946 -0.048245452 -0.442963034 0.000534426 0.999999642 0.000663412 -0.111753173 0.048245061 -0.000688433 0.998835266 12.212962151
0.998762369 0.000790909 -0.049731143 -0.499858320 -0.000845869 0.999999046 -0.001081114 -0.126153931 0.049730193 0.001121832 0.998762131 13.150331497
0.998718798 0.003450590 -0.050486457 -0.562338650 -0.003547339 0.999992073 -0.001823939 -0.133646727 0.050479714 0.002000683 0.998723209 14.094851494
0.998669565 0.003244725 -0.051464926 -0.612422407 -0.003350590 0.999992430 -0.001968005 -0.146818578 0.051458102 0.002137815 0.998672903 15.037669182
0.998631537 0.002547485 -0.052236650 -0.667050362 -0.002616844 0.999995828 -0.001256615 -0.163767040 0.052233186 0.001391580 0.998633981 15.980308533
0.998599768 0.002127291 -0.052858513 -0.728698254 -0.002178224 0.999997199 -0.000903193 -0.177396372 0.052856401 0.001017055 0.998601615 16.933170319
0.998542070 0.002562033 -0.053917859 -0.793860674 -0.002602797 0.999996424 -0.000683106 -0.195790738 0.053915873 0.000822437 0.998545170 17.888780594
0.998477995 0.002328942 -0.055102468 -0.855432391 -0.002393304 0.999996483 -0.001099443 -0.203728795 0.055099662 0.001229636 0.998480141 18.853458405
0.998447001 0.002153851 -0.055669058 -0.908752918 -0.002219256 0.999996901 -0.001110446 -0.219264016 0.055666450 0.001232254 0.998448610 19.795946121
0.998422623 0.001805943 -0.056115497 -0.958579361 -0.001849687 0.999997973 -0.000724936 -0.232431859 0.056114033 0.000827578 0.998423994 20.756399155
0.998438418 0.001602043 -0.055840563 -1.025199890 -0.001546039 0.999998271 0.001048740 -0.247727111 0.055842105 -0.000960781 0.998439133 21.746461868
0.998462439 0.001366284 -0.055415358 -1.095540047 -0.001187223 0.999993980 0.003266708 -0.268558264 0.055419434 -0.003195904 0.998458028 22.736240387
0.998541892 0.001241561 -0.053969249 -1.146157146 -0.000980263 0.999987662 0.004870555 -0.281826228 0.053974573 -0.004810560 0.998530746 23.715902328
0.998626769 0.000453279 -0.052385651 -1.198960185 -0.000180141 0.999986351 0.005221409 -0.294185758 0.052387256 -0.005204813 0.998613298 24.712858200
0.998673975 0.000864541 -0.051474929 -1.250892878 -0.000668590 0.999992430 0.003826710 -0.296864390 0.051477801 -0.003787231 0.998667002 25.681518555
0.998716295 0.003397190 -0.050540008 -1.300261617 -0.003356105 0.999993920 0.000900664 -0.305480719 0.050542708 -0.000729900 0.998721600 26.652193069
0.998761535 0.004590798 -0.049541321 -1.348060608 -0.004640440 0.999988794 -0.000884070 -0.313228607 0.049536660 0.001112858 0.998771667 27.622777939
0.998808503 0.003389128 -0.048683353 -1.397482991 -0.003415630 0.999994099 -0.000458167 -0.329934716 0.048681460 0.000623896 0.998814166 28.616592407
0.998830736 0.001251124 -0.048328485 -1.450109482 -0.001109838 0.999994993 0.002953216 -0.339398503 0.048331894 -0.002896135 0.998827159 29.617092133
0.998791158 -0.003721530 -0.049015366 -1.492320776 0.004018072 0.999974191 0.005955887 -0.340702415 0.048991885 -0.006145644 0.998780251 30.617496490
0.998747945 -0.007753363 -0.049420930 -1.534838796 0.008073062 0.999947727 0.006275550 -0.352255642 0.049369644 -0.006666681 0.998758376 31.617366791
0.998731852 -0.006119569 -0.049972154 -1.586020827 0.006336881 0.999971092 0.004194335 -0.357383221 0.049945001 -0.004505693 0.998741865 32.615703583
0.998681664 -0.003592666 -0.051205646 -1.634778976 0.003719748 0.999990225 0.002389609 -0.371379167 0.051196519 -0.002576943 0.998685241 33.614349365
0.998612821 -0.003115346 -0.052560937 -1.695854783 0.003224908 0.999992788 0.002002608 -0.368661106 0.052554272 -0.002169345 0.998615682 34.618812561
0.998575211 -0.005686516 -0.053059522 -1.749719977 0.005856719 0.999978185 0.003055613 -0.377834678 0.053040940 -0.003362025 0.998586714 35.633678436
0.998513639 -0.004990602 -0.054273248 -1.813830256 0.005259816 0.999974549 0.004821336 -0.373570979 0.054247756 -0.005099647 0.998514473 36.646610260
0.998467326 -0.003986595 -0.055200286 -1.871711254 0.004283552 0.999976933 0.005265031 -0.384108007 0.055177979 -0.005493426 0.998461485 37.652732849
0.998422205 -0.004836386 -0.055942599 -1.936884046 0.005204179 0.999965727 0.006433310 -0.386700988 0.055909518 -0.006714305 0.998413265 38.665168762
0.998406053 -0.005204003 -0.056198724 -1.984561920 0.005668132 0.999951065 0.008105118 -0.393568367 0.056153756 -0.008410752 0.998386681 39.685203552
0.998399317 -0.002823472 -0.056486864 -2.051130533 0.003341415 0.999953210 0.009079528 -0.385482639 0.056458533 -0.009253751 0.998362005 40.690303802
0.998416483 -0.002778748 -0.056184649 -2.111778975 0.003286247 0.999954581 0.008944963 -0.391893327 0.056157190 -0.009115445 0.998380303 41.696121216
0.998404622 -0.001679137 -0.056438681 -2.166178465 0.002148189 0.999963641 0.008253801 -0.402301133 0.056422718 -0.008361884 0.998371959 42.706211090
0.998429418 -0.000209386 -0.056024335 -2.231917381 0.000604149 0.999975085 0.007032095 -0.408594072 0.056021418 -0.007054909 0.998404622 43.714157104
0.998394668 -0.000466835 -0.056638520 -2.294532537 0.000883822 0.999972701 0.007340029 -0.414401621 0.056633502 -0.007378315 0.998367786 44.720729828
0.998332739 -0.001823804 -0.057692058 -2.361394644 0.002301466 0.999963582 0.008216728 -0.417054713 0.057674922 -0.008335816 0.998300612 45.728874207
0.998315871 -0.002030669 -0.057976767 -2.420360804 0.002527688 0.999960661 0.008503240 -0.413359851 0.057957172 -0.008635476 0.998281658 46.731925964
0.998310804 -0.001365342 -0.058083128 -2.484282255 0.001763275 0.999975264 0.006802951 -0.420379043 0.058072358 -0.006893886 0.998288512 47.729202271
0.998294652 -0.000275195 -0.058374979 -2.550915241 0.000469354 0.999994397 0.003314902 -0.413699985 0.058373690 -0.003336658 0.998289227 48.745864868
0.998265505 0.000047909 -0.058874261 -2.616342068 0.000133079 0.999995291 0.003072717 -0.429046333 0.058874078 -0.003075234 0.998260677 49.745014191
0.998250425 -0.000556737 -0.059124406 -2.679605722 0.000836103 0.999988616 0.004702929 -0.437646270 0.059121065 -0.004744146 0.998239517 50.745613098
0.998254597 -0.002540237 -0.059002131 -2.736396313 0.002964717 0.999970317 0.007110411 -0.452664852 0.058982272 -0.007272936 0.998232543 51.754997253
0.998223543 -0.002596796 -0.059522294 -2.801170349 0.003023603 0.999970317 0.007084063 -0.455430090 0.059502080 -0.007251462 0.998201847 52.734355927
0.998206794 -0.004331479 -0.059702761 -2.859921217 0.004734308 0.999966979 0.006609879 -0.464523405 0.059672110 -0.006880688 0.998194337 53.717411041
0.998190463 -0.005118434 -0.059913531 -2.912894487 0.005486878 0.999967039 0.005989146 -0.479633838 0.059880849 -0.006307057 0.998185515 54.715023041
0.998117805 -0.006033754 -0.061028164 -2.978749752 0.006460092 0.999956071 0.006793435 -0.481279194 0.060984448 -0.007174907 0.998112977 55.685523987
0.998086631 -0.007597591 -0.061361901 -3.039999962 0.008171185 0.999925196 0.009104622 -0.482499748 0.061288089 -0.009588614 0.998074055 56.676395416
0.998035610 -0.009960932 -0.061852369 -3.110054731 0.010748926 0.999865055 0.012422673 -0.487389863 0.061720230 -0.013063129 0.998008013 57.673477173
0.998019695 -0.007968487 -0.062395297 -3.179839134 0.008872100 0.999859512 0.014220792 -0.479837328 0.062273171 -0.014746219 0.997950137 58.660297394
0.997979879 -0.007621441 -0.063071676 -3.250642776 0.008407925 0.999890029 0.012216024 -0.479406953 0.062971592 -0.012721658 0.997934163 59.636344910
0.997921288 -0.006486988 -0.064117014 -3.328465700 0.006924615 0.999954224 0.006607896 -0.492154211 0.064071164 -0.007038157 0.997920454 60.590625763
0.997883081 -0.006050962 -0.064750381 -3.395302534 0.006260110 0.999975801 0.003029948 -0.506315827 0.064730428 -0.003428890 0.997896910 61.563003540
0.997831166 -0.003314144 -0.065740868 -3.474992275 0.003520790 0.999989212 0.003029984 -0.501912594 0.065730073 -0.003254884 0.997832060 62.518642426
0.997784376 -0.003259153 -0.066450953 -3.540434599 0.003556614 0.999984145 0.004360802 -0.514998913 0.066435650 -0.004587492 0.997780204 63.479808807
0.997695923 -0.002898104 -0.067781545 -3.603643179 0.003238092 0.999982655 0.004908782 -0.525435328 0.067766100 -0.005116967 0.997688055 64.435272217
0.997660398 -0.002007080 -0.068334572 -3.678312302 0.002330245 0.999986410 0.004651940 -0.534530640 0.068324253 -0.004800305 0.997651637 65.402008057
0.997558534 -0.001578166 -0.069816642 -3.752756119 0.001940181 0.999985039 0.005119830 -0.539643407 0.069807470 -0.005242799 0.997546673 66.332412720
0.997476816 -0.001767965 -0.070970513 -3.821157455 0.002165034 0.999982417 0.005520409 -0.549336195 0.070959449 -0.005660146 0.997463107 67.232292175
0.997369170 -0.001951573 -0.072461814 -3.894006729 0.002375407 0.999980569 0.005765396 -0.554372787 0.072449103 -0.005922366 0.997354448 68.112007141
0.997296333 -0.001395400 -0.073470458 -3.961281300 0.001848777 0.999979615 0.006105242 -0.565288365 0.073460385 -0.006224579 0.997278631 68.996757507
0.997255921 -0.001016320 -0.074023992 -4.041066170 0.001573916 0.999970794 0.007476700 -0.570925653 0.074014172 -0.007572704 0.997228384 69.929321289
0.997175336 -0.001832299 -0.075086594 -4.120833874 0.002524907 0.999955118 0.009132189 -0.573101699 0.075066462 -0.009295993 0.997135103 70.827812195
0.997082591 -0.000856584 -0.076326653 -4.197677135 0.001612848 0.999950171 0.009849100 -0.579244852 0.076314360 -0.009943481 0.997034132 71.706809998
0.997034550 0.000450748 -0.076955006 -4.262875080 0.000176537 0.999966800 0.008146246 -0.592014968 0.076956078 -0.008135685 0.997001171 72.581184387
0.996947289 0.001997642 -0.078052543 -4.330999851 -0.001697220 0.999990880 0.003917036 -0.606014311 0.078059606 -0.003772619 0.996941507 73.451377869
0.996866763 0.001768285 -0.079080202 -4.396382332 -0.001801168 0.999998331 -0.000342604 -0.626809299 0.079079412 0.000483955 0.996868074 74.295814514
0.996831357 0.002828414 -0.079494141 -4.462841988 -0.002922582 0.999995172 -0.001066403 -0.628535986 0.079490691 0.001295341 0.996834636 75.122047424
0.996783435 0.002769122 -0.080094613 -4.534655571 -0.002751745 0.999996126 0.000329187 -0.637723625 0.080095172 -0.000107741 0.996787131 75.944305420
0.996710956 0.002494517 -0.080999985 -4.604796410 -0.002418960 0.999996543 0.001032733 -0.647529066 0.081002228 -0.000833413 0.996713519 76.728111267
0.996628702 0.001928605 -0.082020849 -4.658035755 -0.001955088 0.999998093 -0.000240779 -0.666064382 0.082020186 0.000400315 0.996630490 77.402465820
0.996653557 -0.001935596 -0.081718393 -4.701156139 0.001687359 0.999993742 -0.003104855 -0.681847394 0.081723846 0.002956564 0.996650577 77.978431702
0.996696174 -0.003594602 -0.081140511 -4.742513180 0.003150146 0.999979377 -0.005603137 -0.689584196 0.081158929 0.005329008 0.996686876 78.543281555
0.996890426 -0.002813668 -0.078750327 -4.785119057 0.002352239 0.999979496 -0.005949683 -0.694718242 0.078765407 0.005745931 0.996876478 79.118690491
0.997152507 0.000050664 -0.075412549 -4.843693256 -0.000419576 0.999988019 -0.004874129 -0.691944301 0.075411364 0.004891880 0.997140408 79.671302795
0.997466147 -0.001069171 -0.071133964 -4.885201931 0.000810029 0.999992907 -0.003669690 -0.698530614 0.071137331 0.003602760 0.997460008 80.214759827
0.997772217 -0.002608681 -0.066661000 -4.919274330 0.002553729 0.999996305 -0.000907340 -0.715067506 0.066663079 0.000735074 0.997775257 80.738273621
0.998239219 -0.005455650 -0.059064887 -4.967496872 0.005569959 0.999982893 0.001773349 -0.732860863 0.059054159 -0.002099227 0.998252571 81.277503967
0.998790801 -0.003960485 -0.049002402 -5.022170544 0.004067516 0.999989569 0.002087727 -0.745366335 0.048993576 -0.002284531 0.998796463 81.776336670
0.999379456 -0.000873446 -0.035211332 -5.066728115 0.000942548 0.999997616 0.001950106 -0.758522451 0.035209499 -0.001982093 0.999377966 82.282234192
0.999840975 0.002260764 -0.017689191 -5.097103119 -0.002226823 0.999995649 0.001946523 -0.760065734 0.017693469 -0.001906831 0.999841630 82.794326782
0.999993086 0.001434297 0.003422813 -5.086937428 -0.001442177 0.999996424 0.002257505 -0.774363041 -0.003419610 -0.002262432 0.999991596 83.252098083
0.999560654 -0.000759333 0.029628970 -5.052721024 0.000667875 0.999994993 0.003091562 -0.780804992 -0.029631220 -0.003070420 0.999556124 83.725921631
0.998293817 -0.000917873 0.058382411 -4.990865707 0.000700057 0.999992728 0.003748637 -0.783982813 -0.058385476 -0.003701373 0.998287261 84.178871155
0.995823562 -0.001360014 0.091287851 -4.927279472 0.000978820 0.999990642 0.004218756 -0.788843393 -0.091292776 -0.004111782 0.995815575 84.625213623
0.991678476 -0.001648275 0.128729314 -4.830566883 0.001106740 0.999990284 0.004277050 -0.791789591 -0.128735155 -0.004098986 0.991670609 85.051002502