1.000000000 0.000000000 0.000000000 0.000000000 0.000000000 1.000000000 0.000000000 0.000000000 0.000000000 0.000000000 1.000000000 0.000000000
0.999990761 -0.002374341 -0.003584275 0.001964742 0.002367784 0.999995530 -0.001832401 -0.011080557 0.003588609 0.001823898 0.999991894 0.681068063
0.999970436 -0.001494367 -0.007546667 -0.014973264 0.001471624 0.999994338 -0.003018379 -0.022010989 0.007551135 0.003007184 0.999966979 1.377177358
0.999932528 -0.001314633 -0.011542763 -0.026410595 0.001260231 0.999988079 -0.004719098 -0.019525057 0.011548829 0.004704233 0.999922216 2.089213848
0.999864578 -0.000102677 -0.016458146 -0.046358425 0.000016424 0.999986291 -0.005240743 -0.027275162 0.016458459 0.005239763 0.999850810 2.817804098
0.999777019 -0.001134595 -0.021086920 -0.062467374 0.001021016 0.999984920 -0.005396227 -0.037845351 0.021092724 0.005373493 0.999763072 3.565516233
0.999665678 0.000483431 -0.025851298 -0.083818361 -0.000656088 0.999977529 -0.006670773 -0.042694945 0.025847491 0.006685504 0.999643564 4.328142166
0.999526560 0.002934284 -0.030626761 -0.122644946 -0.003152400 0.999970019 -0.007075880 -0.055859759 0.030605080 0.007169078 0.999505818 5.097837925
0.999392748 0.003213534 -0.034696661 -0.166422516 -0.003386762 0.999982059 -0.004935013 -0.080069065 0.034680180 0.005049526 0.999385715 5.881731987
0.999234200 0.003641121 -0.038958192 -0.215521052 -0.003733518 0.999990404 -0.002299209 -0.099647418 0.038949445 0.002442900 0.999238193 6.688769817
0.999099553 0.002951150 -0.042323992 -0.263118863 -0.002927047 0.999995530 0.000631423 -0.111121275 0.042325668 -0.000506970 0.999103725 7.504888535
0.998978734 0.004233796 -0.044983566 -0.307880610 -0.004228098 0.999991059 0.000221806 -0.124404944 0.044984102 -0.000031384 0.998987675 8.324159622
0.998882771 0.003557175 -0.047123216 -0.351537049 -0.003556945 0.999993682 0.000088736 -0.132685840 0.047123231 0.000078977 0.998889089 9.140447617
0.998797059 0.000640332 -0.049031079 -0.389831692 -0.000658141 0.999999702 -0.000347076 -0.144913062 0.049030840 0.000378928 0.998797178 9.970907211
0.998693943 0.000605670 -0.051088177 -0.432089239 -0.000580259 0.999999702 0.000512225 -0.155796111 0.051088475 -0.000481912 0.998694003 10.802585602
0.998635054 -0.000446290 -0.052228339 -0.487338692 0.000471713 0.999999762 0.000474446 -0.172265217 0.052228115 -0.000498435 0.998635054 11.654346466
0.998535454 0.002182578 -0.054057382 -0.541767955 -0.002295649 0.999995291 -0.002029695 -0.179074168 0.054052696 0.002150819 0.998535752 12.512764931
0.998452067 0.003186045 -0.055528056 -0.583521843 -0.003445880 0.999983549 -0.004584236 -0.196612269 0.055512536 0.004768483 0.998446584 13.363831520
0.998353660 0.007601268 -0.056851909 -0.661386907 -0.007941604 0.999951839 -0.005762811 -0.219753116 0.056805365 0.006204818 0.998365998 14.257026672
0.998291492 0.007946623 -0.057887591 -0.715883732 -0.008271256 0.999951363 -0.005370545 -0.229783848 0.057842098 0.005840173 0.998308659 15.140241623
0.998228967 0.006667226 -0.059114330 -0.777636647 -0.006901394 0.999969125 -0.003757994 -0.239692748 0.059087448 0.004159310 0.998244166 16.032629013
0.998146653 0.008553552 -0.060250238 -0.839903235 -0.008704334 0.999959588 -0.002240568 -0.262525171 0.060228638 0.002760853 0.998180807 16.931884766
0.998107195 0.008135355 -0.060957488 -0.914449573 -0.008285210 0.999963224 -0.002205990 -0.274299979 0.060937304 0.002706859 0.998137951 17.846660614
0.998013258 0.007014152 -0.062612750 -0.972830713 -0.007187010 0.999970973 -0.002535949 -0.293950498 0.062593140 0.002980909 0.998034656 18.733243942
0.997947752 0.004999171 -0.063837707 -1.022624016 -0.005199628 0.999982059 -0.002974353 -0.309450507 0.063821688 0.003300182 0.997955859 19.633832932
0.997921109 0.005514727 -0.064210653 -1.089689136 -0.005596128 0.999983728 -0.001087943 -0.325146466 0.064203605 0.001445012 0.997935772 20.554224014
0.997904241 0.006368459 -0.064394109 -1.142472267 -0.006217519 0.999977410 0.002544122 -0.337408900 0.064408861 -0.002138418 0.997921288 21.469093323
0.997945070 0.007851938 -0.063592523 -1.204721332 -0.007463695 0.999952018 0.006340423 -0.351623118 0.063639253 -0.005852758 0.997955799 22.402542114
0.998043656 0.007183135 -0.062107049 -1.260505199 -0.006627270 0.999936163 0.009151487 -0.359300613 0.062168822 -0.008721983 0.998027563 23.335905075
0.998129010 0.007970165 -0.060621683 -1.317628741 -0.007376670 0.999922693 0.010007642 -0.369645983 0.060696762 -0.009541731 0.998110652 24.276105881
0.998195112 0.008443631 -0.059458200 -1.371842504 -0.008034430 0.999942362 0.007117879 -0.370717525 0.059514876 -0.006627319 0.998205423 25.226108551
0.998228669 0.009812566 -0.058679555 -1.427583218 -0.009700307 0.999950528 0.002197645 -0.375552118 0.058698218 -0.001624542 0.998274446 26.172016144
0.998267889 0.007879036 -0.058302008 -1.444172859 -0.007973840 0.999967217 -0.001393619 -0.347190559 0.058289118 0.001856096 0.998297989 27.133987427
0.998337090 0.005837305 -0.057349391 -1.510555744 -0.005872956 0.999982655 -0.000453120 -0.358628631 0.057345748 0.000789177 0.998354077 28.106029510
0.998336434 0.004054768 -0.057514850 -1.572125196 -0.003794553 0.999982059 0.004632802 -0.371724606 0.057532605 -0.004406852 0.998333931 29.089778900
0.998304129 -0.000220320 -0.058213584 -1.631266713 0.000703875 0.999965429 0.008286186 -0.390764028 0.058209747 -0.008313109 0.998269737 30.064960480
0.998211980 -0.007542737 -0.059294961 -1.685118437 0.008021329 0.999937117 0.007837489 -0.397345364 0.059232116 -0.008299101 0.998209715 31.050029755
0.998142660 -0.008057734 -0.060384750 -1.753489971 0.008307429 0.999957919 0.003885153 -0.414600462 0.060350902 -0.004379579 0.998167634 32.035514832
0.998060822 -0.008082534 -0.061719555 -1.818750262 0.008090300 0.999967277 -0.000124074 -0.418128520 0.061718535 -0.000375496 0.998093545 33.013355255
0.997927547 -0.006776210 -0.063990004 -1.872713685 0.006736101 0.999976933 -0.000842532 -0.427836955 0.063994236 0.000409743 0.997950196 33.984283447
0.997896612 -0.006603195 -0.064488418 -1.954892516 0.006652345 0.999977708 0.000547470 -0.442581415 0.064483367 -0.000975318 0.997918308 34.990589142
0.997838795 -0.003415695 -0.065620787 -2.024896383 0.003647745 0.999987483 0.003416737 -0.456935167 0.065608300 -0.003648720 0.997838795 35.955768585
0.997752607 -0.003150474 -0.066931337 -2.097759962 0.003490495 0.999981582 0.004963805 -0.477503389 0.066914469 -0.005186273 0.997745216 36.966911316
0.997655332 -0.002100856 -0.068405956 -2.143548012 0.002638651 0.999966323 0.007772414 -0.486829996 0.068387330 -0.007934690 0.997627318 37.934299469
0.997657120 -0.002235412 -0.068376325 -2.210301876 0.002987613 0.999936104 0.010900616 -0.495013416 0.068347596 -0.011079359 0.997600019 38.932041168
0.997669041 0.002731509 -0.068183638 -2.314779520 -0.001854693 0.999914825 0.012919620 -0.486580342 0.068213128 -0.012763046 0.997589111 39.928245544
0.997663319 0.002626808 -0.068271309 -2.396990776 -0.001764567 0.999917984 0.012686866 -0.501368582 0.068299040 -0.012536752 0.997586131 40.938301086
0.997681975 0.003655651 -0.067950979 -2.482807159 -0.002915280 0.999935329 0.010991628 -0.507955909 0.067986771 -0.010768053 0.997628093 41.957469940
0.997661769 0.006678306 -0.068017185 -2.549776793 -0.006095763 0.999942958 0.008768594 -0.510978639 0.068071872 -0.008333474 0.997645617 42.939010620
0.997606456 0.006686943 -0.068822987 -2.628699780 -0.006089169 0.999941945 0.008891799 -0.522162855 0.068878449 -0.008451442 0.997589290 43.941989899
0.997549117 0.005393498 -0.069761865 -2.714529991 -0.004711479 0.999939501 0.009937227 -0.528870285 0.069811247 -0.009584190 0.997514188 44.942733765
0.997472405 0.006612699 -0.070746332 -2.778685331 -0.005855286 0.999923348 0.010908065 -0.537240088 0.070813045 -0.010466253 0.997434676 45.926971436
0.997440577 0.009070444 -0.070922509 -2.861683130 -0.008567908 0.999935985 0.007386711 -0.546630085 0.070984975 -0.006760148 0.997454464 46.905479431
0.997415781 0.008114201 -0.071385510 -2.947309017 -0.007900544 0.999963403 0.003274855 -0.526593328 0.071409471 -0.002702408 0.997443438 47.851955414
0.997360408 0.009080823 -0.072040357 -3.017584324 -0.008926735 0.999957144 0.002460594 -0.551959753 0.072059609 -0.001811014 0.997398674 48.798732758
0.997370481 0.008628299 -0.071956024 -3.092788935 -0.008192314 0.999946296 0.006351976 -0.578750968 0.072006971 -0.005745788 0.997387588 49.766098022
0.997378170 0.007298185 -0.071996495 -3.173501492 -0.006637075 0.999933600 0.009417509 -0.587817013 0.072060451 -0.008914971 0.997360408 50.744789124
0.997374654 0.005758098 -0.072184809 -3.241648436 -0.005048656 0.999937177 0.010006733 -0.594575942 0.072237901 -0.009616027 0.997341096 51.696590424
0.997380197 0.003065084 -0.072272711 -3.313426971 -0.002452122 0.999960303 0.008568445 -0.597013295 0.072296105 -0.008368775 0.997348130 52.654094696
0.997348130 0.000787296 -0.072774522 -3.380306959 -0.000250241 0.999972701 0.007388549 -0.610279620 0.072778352 -0.007350744 0.997321069 53.606678009
0.997251809 -0.000395809 -0.074085325 -3.434729338 0.001031661 0.999962986 0.008544636 -0.617237806 0.074079201 -0.008597585 0.997215271 54.545352936
0.997193456 -0.003062473 -0.074805059 -3.517298937 0.004020346 0.999911785 0.012657691 -0.624864161 0.074759699 -0.012922909 0.997117817 55.493228912
0.997144401 -0.003669923 -0.075429626 -3.585890770 0.005011673 0.999832451 0.017606523 -0.627072871 0.075352378 -0.017934274 0.996995687 56.441818237
0.997106969 -0.002973724 -0.075952739 -3.668901205 0.004525227 0.999784410 0.020263303 -0.627916813 0.075876102 -0.020548385 0.996905506 57.396099091
0.996991694 -0.001898945 -0.077485099 -3.743046045 0.003168100 0.999862790 0.016259702 -0.627100110 0.077443585 -0.016456267 0.996860921 58.332447052
0.996868074 -0.000238608 -0.079082161 -3.809448719 0.000919774 0.999962807 0.008577086 -0.631330907 0.079077169 -0.008622961 0.996831179 59.241161346
0.996818483 0.002220482 -0.079674579 -3.905277014 -0.001939450 0.999991596 0.003604460 -0.635761797 0.079681911 -0.003438467 0.996814430 60.164539337
0.996695340 0.007097046 -0.080920182 -3.977021694 -0.006748985 0.999966741 0.004573982 -0.644161582 0.080949955 -0.004012737 0.996710062 61.063240051
0.996612549 0.010299683 -0.081592381 -4.070987701 -0.009767123 0.999928355 0.006923535 -0.659552276 0.081657842 -0.006103159 0.996641755 61.955883026
0.996496081 0.012891583 -0.082640313 -4.151100636 -0.012233781 0.999889374 0.008461289 -0.670437872 0.082740255 -0.007420638 0.996543527 62.851303101
0.996408403 0.013690566 -0.083563313 -4.235449314 -0.013044975 0.999880731 0.008266906 -0.679552794 0.083666518 -0.007147133 0.996468186 63.715480804
0.996259987 0.015321660 -0.085037075 -4.326908112 -0.014620363 0.999853849 0.008863641 -0.677939355 0.085160457 -0.007587217 0.996338367 64.586006165
0.996133447 0.016265146 -0.086334169 -4.408213139 -0.015525877 0.999836862 0.009227488 -0.678262293 0.086470172 -0.007851396 0.996223509 65.430732727
0.995995820 0.015833804 -0.087986328 -4.482300282 -0.015061510 0.999842048 0.009434458 -0.674988270 0.088121809 -0.008071475 0.996077001 66.269332886
0.995877385 0.015750807 -0.089331940 -4.554951668 -0.014865082 0.999833643 0.010571663 -0.682649016 0.089483589 -0.009200153 0.995945811 67.074066162
0.995733440 0.018572455 -0.090388037 -4.646361351 -0.017455207 0.999761343 0.013135477 -0.682844043 0.090610422 -0.011501691 0.995819986 67.869483948
0.995592296 0.020401314 -0.091541186 -4.728874683 -0.018923149 0.999676645 0.016986631 -0.680194139 0.091858134 -0.015179511 0.995656371 68.666618347
0.995348573 0.023964580 -0.093311109 -4.807523251 -0.022304103 0.999574482 0.018797616 -0.685999632 0.093721889 -0.016628960 0.995459557 69.450515747
0.995158672 0.026860246 -0.094539553 -4.895194054 -0.025580170 0.999564290 0.014726272 -0.690671027 0.094893917 -0.012236640 0.995412171 70.212463379
0.995048523 0.027849115 -0.095409192 -4.991885662 -0.027201083 0.999597251 0.008086252 -0.722290933 0.095595963 -0.005450979 0.995405316 70.942008972
0.994951308 0.027033886 -0.096649364 -5.067128181 -0.026941894 0.999634445 0.002256925 -0.727633655 0.096675053 0.000358386 0.995315909 71.637718201
0.994925022 0.027818361 -0.096696854 -5.158086777 -0.027875187 0.999611139 0.000763440 -0.721190333 0.096680492 0.001935877 0.995313585 72.337364197
0.994782388 0.030585114 -0.097326912 -5.231103897 -0.030313708 0.999531329 0.004266399 -0.726767302 0.097411789 -0.001293799 0.995243311 73.000755310
0.994675457 0.031176325 -0.098228373 -5.316444874 -0.030683208 0.999507844 0.006527100 -0.739856720 0.098383524 -0.003478385 0.995142519 73.668663025
0.994657278 0.028007807 -0.099359989 -5.382468224 -0.027790343 0.999607384 0.003572282 -0.757811904 0.099421024 -0.000791949 0.995045125 74.313316345
0.994835198 0.020042952 -0.099504985 -5.433347702 -0.020302769 0.999792576 -0.001599037 -0.768635750 0.099452294 0.003611004 0.995035768 74.929313660
0.995017290 0.016240831 -0.098370619 -5.497477055 -0.016976878 0.999833763 -0.006649910 -0.773693383 0.098246269 0.008286802 0.995127618 75.535522461
0.995281041 0.018707935 -0.095213659 -5.560371876 -0.019452106 0.999787033 -0.006893585 -0.785179973 0.095064409 0.008713161 0.995432973 76.123863220
0.995597661 0.023687458 -0.090687208 -5.635157108 -0.024128569 0.999701738 -0.003770718 -0.800462782 0.090570845 0.005942271 0.995872259 76.704368591
0.996084452 0.022290738 -0.085550405 -5.698893547 -0.022448773 0.999747574 -0.000885562 -0.809188783 0.085509069 0.002802596 0.996333480 77.268127441
0.996587873 0.018842446 -0.080359370 -5.716094494 -0.018629326 0.999820650 0.003401051 -0.822687089 0.080409050 -0.001892406 0.996760130 77.817817688
0.997289598 0.014357139 -0.072162040 -5.745147705 -0.013900914 0.999880135 0.006820492 -0.834759712 0.072251312 -0.005798887 0.997369587 78.347755432
0.997950196 0.018188780 -0.061355937 -5.782174110 -0.017820878 0.999819815 0.006538156 -0.841315091 0.061463807 -0.005431338 0.998094559 78.869834900
0.998668075 0.023221971 -0.046074346 -5.812172413 -0.022969706 0.999718189 0.005997154 -0.850606322 0.046200626 -0.004930852 0.998920023 79.376335144
0.999188364 0.028529987 -0.028435869 -5.812551975 -0.028363898 0.999578238 0.006227197 -0.852777004 0.028601540 -0.005415590 0.999576211 79.877891541
0.999609530 0.027227912 -0.006283402 -5.804080486 -0.027188513 0.999610662 0.006272603 -0.854094744 0.006451745 -0.006099317 0.999960601 80.367286682
0.999522448 0.023687407 0.019842532 -5.770033836 -0.023825768 0.999693215 0.006765839 -0.859577119 -0.019676179 -0.007235372 0.999780238 80.843940735
0.998511672 0.022891393 0.049501453 -5.728055954 -0.023306178 0.999697804 0.007818311 -0.864574611 -0.049307521 -0.008960364 0.998743474 81.301567078
0.996337712 0.022371002 0.082526974 -5.668015480 -0.023190401 0.999690711 0.008983579 -0.873845577 -0.082300477 -0.010864511 0.996548355 81.756774902
0.992562652 0.022061417 0.119718961 -5.580372334 -0.023328772 0.999685585 0.009194783 -0.881700397 -0.119478472 -0.011919294 0.992765248 82.210243225
