1.000000000 0.000000000 0.000000000 0.000000000 0.000000000 1.000000000 0.000000000 0.000000000 0.000000000 0.000000000 1.000000000 0.000000000
0.999990761 -0.002374341 -0.003584275 0.001964742 0.002367784 0.999995530 -0.001832401 -0.011080557 0.003588609 0.001823898 0.999991894 0.681068063
0.999931812 -0.003463835 -0.011153045 -0.016001498 0.003399421 0.999977469 -0.005789228 -0.021370495 0.011172847 0.005750919 0.999921024 2.034799099
0.999879897 -0.003290221 -0.015145616 -0.030015815 0.003176938 0.999966860 -0.007497602 -0.020869415 0.015169782 0.007448584 0.999857187 2.746793509
0.999713480 -0.002319251 -0.023824872 -0.078229859 0.002092632 0.999952376 -0.009532392 -0.036873467 0.023845846 0.009479804 0.999670684 4.181630611
0.999589503 -0.003352123 -0.028452519 -0.099833220 0.003077296 0.999948263 -0.009697435 -0.050661139 0.028483555 0.009605898 0.999548078 4.929151535
0.999296546 -0.002651423 -0.037407856 -0.163462743 0.002238406 0.999936104 -0.011078486 -0.078274861 0.037434842 0.010986960 0.999238670 6.424952507
0.999109983 -0.000206324 -0.042180140 -0.211161628 -0.000278898 0.999933839 -0.011497352 -0.094890282 0.042179722 0.011498883 0.999043882 7.194082260
0.998929679 0.000097420 -0.046254907 -0.263941824 -0.000531311 0.999955952 -0.009368236 -0.122626431 0.046251956 0.009382785 0.998885751 7.977304459
0.998722792 0.000555143 -0.050522469 -0.322324842 -0.000897032 0.999976873 -0.006744644 -0.145847946 0.050517552 0.006781350 0.998700142 8.783627510
0.998546600 -0.000100627 -0.053895433 -0.379337192 -0.000105602 0.999992669 -0.003823594 -0.160999894 0.053895425 0.003823728 0.998539269 9.599082947
0.998210669 0.001230241 -0.059782922 -0.498215675 -0.001336771 0.999997616 -0.001741978 -0.183914676 0.059780635 0.001818777 0.998209894 11.235169411
0.998080909 0.000552055 -0.061920464 -0.553938687 -0.000669826 0.999998033 -0.001881235 -0.193820685 0.061919302 0.001919100 0.998079300 12.050704956
0.997958243 -0.002368918 -0.063825451 -0.604498625 0.002225211 0.999994814 -0.002322556 -0.207683012 0.063830622 0.002175788 0.997958362 12.880481720
0.997824490 -0.002390820 -0.065883368 -0.659043133 0.002299017 0.999996305 -0.001469194 -0.220215201 0.065886632 0.001314530 0.997826278 13.711421013
0.997745514 -0.003442415 -0.067022406 -0.726858914 0.003348720 0.999993265 -0.001510259 -0.238408864 0.067027159 0.001282415 0.997750342 14.562238693
0.997545719 -0.002545400 -0.069972239 -0.876435041 0.002271685 0.999989450 -0.003991058 -0.262839437 0.069981657 0.003822308 0.997540951 16.294162750
0.997444391 -0.001583782 -0.071429290 -0.931679785 0.001118581 0.999977887 -0.006552279 -0.282028884 0.071438096 0.006455634 0.997424126 17.144424438
0.997346520 0.002808064 -0.072746143 -1.023676634 -0.003379760 0.999964356 -0.007736878 -0.307061642 0.072721824 0.007962213 0.997320473 18.036224365
0.997269332 0.003159191 -0.073782608 -1.092210770 -0.003711473 0.999966085 -0.007349352 -0.318858296 0.073756889 0.007603125 0.997247279 18.918439865
0.997180521 0.001906706 -0.075015731 -1.168146849 -0.002344052 0.999980748 -0.005742436 -0.330582708 0.075003333 0.005902086 0.997165799 19.809711456
0.997088492 0.003815128 -0.076157585 -1.244645476 -0.004149306 0.999982417 -0.004230220 -0.355244607 0.076140106 0.004533905 0.997086823 20.707820892
0.997035801 0.003397834 -0.076864220 -1.333721638 -0.003731584 0.999984205 -0.004198870 -0.368932903 0.076848738 0.004473249 0.997032702 21.621269226
0.996910274 0.002272377 -0.078516044 -1.406148195 -0.002636671 0.999986231 -0.004536374 -0.390373141 0.078504659 0.004729378 0.996902525 22.506774902
0.996815860 0.000252529 -0.079737529 -1.470230937 -0.000651722 0.999987364 -0.004980354 -0.407646805 0.079735264 0.005016462 0.996803463 23.406427383
0.996784985 0.000797604 -0.080118924 -1.551898241 -0.001048994 0.999994636 -0.003095672 -0.425230891 0.080116034 0.003169764 0.996780515 24.325603485
0.996767759 0.001708423 -0.080319196 -1.619213343 -0.001670809 0.999998450 0.000535516 -0.439305395 0.080319986 -0.000399587 0.996769071 25.239492416
0.996826708 0.003251079 -0.079536065 -1.696280479 -0.002915461 0.999986351 0.004335451 -0.455407649 0.079549074 -0.004089809 0.996822536 26.171804428
0.996944785 0.002628222 -0.078065149 -1.766912580 -0.002076070 0.999972284 0.007153289 -0.464942932 0.078081779 -0.006969366 0.996922612 27.104143143
0.997057140 0.003428286 -0.076585352 -1.838980675 -0.002822543 0.999963880 0.008016225 -0.477164000 0.076610073 -0.007776469 0.997030795 28.043294907
0.997145176 0.003855096 -0.075409979 -1.908339500 -0.003477965 0.999980807 0.005131765 -0.480114579 0.075428307 -0.004854842 0.997139394 28.992309570
0.997199535 0.005143983 -0.074609444 -1.979142070 -0.005142266 0.999986768 0.000215106 -0.486828268 0.074609563 0.000169158 0.997212827 29.937196732
0.997237265 0.003155109 -0.074215479 -2.011210918 -0.003414939 0.999988496 -0.003374391 -0.460191011 0.074203975 0.003618510 0.997236490 30.898824692
0.997311652 0.001130611 -0.073268294 -2.093039989 -0.001312144 0.999996185 -0.002429554 -0.473602504 0.073265269 0.002519161 0.997309327 31.869663239
0.997298181 -0.000568774 -0.073457286 -2.170235395 0.000765912 0.999996185 0.002655567 -0.488669455 0.073455498 -0.002704654 0.997294843 32.852283478
0.997233987 -0.004780868 -0.074172042 -2.244838476 0.005262975 0.999966264 0.006305755 -0.509653747 0.074139394 -0.006678679 0.997225523 33.826366425
0.997091234 -0.012102362 -0.075250201 -2.314368725 0.012578158 0.999903738 0.005852120 -0.518172383 0.075172134 -0.006781606 0.997147501 34.810440063
0.997002721 -0.012679921 -0.076320611 -2.398373604 0.012862015 0.999915481 0.001894819 -0.537433088 0.076290138 -0.002870776 0.997081518 35.794681549
0.996733785 -0.015198816 -0.079314381 -2.541698217 0.014776383 0.999873340 -0.005910291 -0.555124700 0.079394162 0.004719007 0.996832132 37.756637573
0.996570051 -0.013906651 -0.081576779 -2.612710476 0.013409098 0.999888003 -0.006643916 -0.570418775 0.081660032 0.005527257 0.996644914 38.726398468
0.996531069 -0.013709236 -0.082084425 -2.712521076 0.013322502 0.999897420 -0.005257301 -0.591136754 0.082148083 0.004145494 0.996611536 39.731002808
0.996474862 -0.010475224 -0.083235629 -2.799436331 0.010311581 0.999943972 -0.002395683 -0.611157894 0.083256058 0.001528947 0.996527016 40.694705963
0.996366739 -0.010182886 -0.084555328 -2.889977455 0.010146727 0.999948144 -0.000857388 -0.637659848 0.084559679 -0.000003687 0.996418417 41.704284668
0.996249616 -0.009084865 -0.086047597 -2.952755928 0.009286334 0.999954998 0.001941375 -0.652495623 0.086026095 -0.002733160 0.996289134 42.670650482
0.996249557 -0.009163707 -0.086039782 -3.037039995 0.009635506 0.999940753 0.005069809 -0.666498482 0.085988224 -0.005879832 0.996278822 43.666999817
0.996298373 -0.004167832 -0.085861310 -3.159132481 0.004794195 0.999963343 0.007090146 -0.664142489 0.085828617 -0.007475536 0.996281862 44.661231995
0.996290505 -0.004276528 -0.085947283 -3.259041309 0.004883817 0.999964595 0.006856805 -0.684924603 0.085914917 -0.007251120 0.996276081 45.669582367
0.996322870 -0.003279197 -0.085615672 -3.362773895 0.003734955 0.999979675 0.005163659 -0.697580338 0.085597001 -0.005464442 0.996314883 46.687026978
0.996323824 -0.000300091 -0.085666344 -3.447024584 0.000553998 0.999995530 0.002940152 -0.706337333 0.085665077 -0.002976802 0.996319532 47.667198181
0.996254265 -0.000289367 -0.086471863 -3.543546677 0.000555878 0.999995172 0.003057989 -0.723454475 0.086470567 -0.003094603 0.996249616 48.668552399
0.996170580 -0.001562577 -0.087416716 -3.646967173 0.001928106 0.999989748 0.004097179 -0.736131608 0.087409414 -0.004250038 0.996163428 49.667572021
0.996084452 -0.000327921 -0.088406511 -3.728413582 0.000778433 0.999986887 0.005061485 -0.750230134 0.088403694 -0.005110485 0.996071637 50.650463104
0.995981097 0.004043341 -0.089472309 -3.900881290 -0.003810822 0.999988914 0.002769460 -0.786824942 0.089482516 -0.002417367 0.995985448 52.591075897
0.995944977 0.003011774 -0.089913838 -4.004172802 -0.003145410 0.999994159 -0.001344607 -0.771262765 0.089909263 0.001621970 0.995948613 53.535873413
0.995882809 0.003961692 -0.090563521 -4.091888428 -0.004174632 0.999988973 -0.002161982 -0.801026165 0.090553954 0.002531150 0.995888352 54.481067657
0.995890081 0.003582385 -0.090499036 -4.184906960 -0.003439952 0.999992609 0.001729791 -0.832327127 0.090504564 -0.001411369 0.995895028 55.446746826
0.995888770 0.002311442 -0.090554781 -4.283734322 -0.001884935 0.999986708 0.004795165 -0.845979631 0.090564661 -0.004604761 0.995879948 56.423725128
0.995873809 0.000784641 -0.090745740 -4.369510651 -0.000297327 0.999985456 0.005383505 -0.857146561 0.090748645 -0.005334310 0.995859563 57.374057770
0.995864868 -0.001931156 -0.090826340 -4.459046364 0.002298931 0.999989569 0.003944772 -0.864034832 0.090817772 -0.004137263 0.995858908 58.330043793
0.995812476 -0.004227491 -0.091321476 -4.543537140 0.004498543 0.999986053 0.002762471 -0.881705940 0.091308527 -0.003161717 0.995817661 59.281154633
0.995685458 -0.005387169 -0.092636012 -4.615346909 0.005774375 0.999975681 0.003912335 -0.892946482 0.092612676 -0.004430370 0.995692372 60.218616486
0.995599091 -0.007972742 -0.093374990 -4.715466022 0.008759792 0.999929428 0.008022064 -0.905037224 0.093304448 -0.008804705 0.995598674 61.164752960
0.995533884 -0.008486601 -0.094022699 -4.801651001 0.009748321 0.999868393 0.012968143 -0.911642551 0.093900271 -0.013826789 0.995485604 62.111885071
0.995489299 -0.007741735 -0.094557710 -4.902364731 0.009259461 0.999835074 0.015622593 -0.916980565 0.094421171 -0.016427677 0.995396793 63.064445496
0.995351911 -0.006743560 -0.096068338 -4.993889809 0.007895089 0.999901414 0.011611493 -0.920536518 0.095980570 -0.012315990 0.995307028 63.999248505
0.995087922 -0.003927328 -0.098917067 -5.179222107 0.003942668 0.999992251 -0.000040392 -0.941257298 0.098916456 -0.000349804 0.995095670 65.834228516
0.995037317 -0.001571926 -0.099489823 -5.293371201 0.001078329 0.999986827 -0.005014860 -0.953753591 0.099496394 0.004882690 0.995025933 66.755447388
0.994849801 0.004435225 -0.101263106 -5.504453659 -0.005367866 0.999945641 -0.008939452 -0.985718310 0.101217955 0.009436979 0.994819522 68.558654785
0.994760871 0.007679963 -0.101940207 -5.616580486 -0.008395383 0.999943018 -0.006590860 -1.013262749 0.101883776 0.007412157 0.994768679 69.448905945
0.994490743 0.012800707 -0.104039676 -5.811814785 -0.013095596 0.999911904 -0.002151759 -1.064883590 0.104002975 0.003502367 0.994570792 71.180191040
0.994383454 0.013593631 -0.104960792 -5.914713860 -0.013916610 0.999900401 -0.002345347 -1.083201170 0.104918458 0.003792872 0.994473577 72.042213440
0.994071722 0.016029080 -0.107538410 -6.126837730 -0.016330002 0.999864817 -0.001918203 -1.108131886 0.107493125 0.003662934 0.994199097 73.784141541
0.993915141 0.016978284 -0.108832344 -6.227221966 -0.017249620 0.999850035 -0.001552108 -1.117588282 0.108789667 0.003419980 0.994058907 74.626762390
0.993610084 0.017415760 -0.111515366 -6.437167645 -0.017580057 0.999845326 -0.000490113 -1.144712687 0.111489587 0.002447427 0.993762612 76.304077148
0.993459702 0.017359480 -0.112855911 -6.528849125 -0.017397214 0.999848425 0.000650557 -1.160388112 0.112850100 0.001317076 0.993611157 77.106750488
0.993117034 0.020403625 -0.115335613 -6.729536533 -0.020027170 0.999789655 0.004421966 -1.187016010 0.115401581 -0.002081684 0.993316710 78.700950623
0.992942333 0.022324095 -0.116478309 -6.832028866 -0.021505920 0.999734461 0.008276465 -1.191322684 0.116632149 -0.005713080 0.993158758 79.495750427
0.992536664 0.027385226 -0.118831880 -7.055613518 -0.025880562 0.999564350 0.014187190 -1.206993341 0.119168632 -0.011005870 0.992813051 81.062179565
0.992306888 0.030166896 -0.120070919 -7.162869930 -0.029161749 0.999523461 0.010119992 -1.215142488 0.120318994 -0.006540661 0.992713749 81.821586609
0.991880715 0.032602627 -0.122921422 -7.356812000 -0.032989386 0.999455094 -0.001111885 -1.239450574 0.122818187 0.005157959 0.992415786 83.287399292
0.991754830 0.031626880 -0.124185503 -7.451330662 -0.032740206 0.999439836 -0.006933942 -1.251179576 0.123896644 0.010942630 0.992234766 83.980674744
0.991550803 0.031807974 -0.125758529 -7.649157047 -0.033819407 0.999331415 -0.013891352 -1.284001112 0.125232607 0.018027062 0.991963625 85.364967346
0.991376936 0.034667641 -0.126372039 -7.741565228 -0.036268070 0.999288142 -0.010384928 -1.299306393 0.125922054 0.014878647 0.991928577 86.025779724
0.991240144 0.035322383 -0.127260968 -7.846454144 -0.036651768 0.999295115 -0.008118919 -1.322136164 0.126884475 0.012712139 0.991836011 86.690635681
0.991124570 0.032424781 -0.128921345 -8.049180984 -0.033821229 0.999390423 -0.008656746 -1.371709585 0.128562048 0.012940191 0.991617024 87.981300354
0.991334438 0.024333274 -0.129088774 -8.118422508 -0.026335599 0.999557555 -0.013826769 -1.390153646 0.128695205 0.017106581 0.991536617 88.595321655
0.991747618 0.011963508 -0.127646118 -8.282408714 -0.015136578 0.999599338 -0.023917304 -1.428152919 0.127308846 0.025652057 0.991531372 89.803939819
0.992115021 0.014417129 -0.124498576 -8.362579346 -0.017556394 0.999554038 -0.024155000 -1.449863911 0.124094814 0.026150284 0.991925716 90.389884949
0.992899776 0.021811189 -0.116937228 -8.529355049 -0.024463439 0.999473929 -0.021293724 -1.495228529 0.116411261 0.024003221 0.992910981 91.551399231
0.993517101 0.020497756 -0.111819342 -8.607935905 -0.022694794 0.999572933 -0.018410651 -1.513888717 0.111394212 0.020829013 0.993557990 92.113037109
0.994708657 0.017366860 -0.101257630 -8.721572876 -0.018548623 0.999770284 -0.010740961 -1.559674144 0.101047836 0.012562317 0.994802237 93.198013306
0.995574236 0.012964409 -0.093080074 -8.761718750 -0.013704890 0.999879301 -0.007320481 -1.579247475 0.092973933 0.008563735 0.995631695 93.726997375
0.997190118 0.012455320 -0.073869660 -8.845328331 -0.012804531 0.999908984 -0.004255682 -1.605231404 0.073809937 0.005189590 0.997258842 94.772460938
0.998128653 0.017482365 -0.058596712 -8.881604195 -0.017789191 0.999830604 -0.004718640 -1.619992733 0.058504295 0.005752197 0.998270571 95.278419495
0.999283612 0.028031563 -0.025426911 -8.918213844 -0.028171344 0.999589801 -0.005155749 -1.638162971 0.025271958 0.005868366 0.999663413 96.281570435
0.999637425 0.026727421 -0.003273410 -8.908267021 -0.026743917 0.999629319 -0.005103279 -1.645041943 0.003135799 0.005188973 0.999981642 96.770889282
0.998742104 0.022065697 0.045025770 -8.844461441 -0.021889454 0.999750674 -0.004403606 -1.658152223 -0.045111712 0.003412477 0.998976111 97.730339050
0.996984065 0.021226449 0.074647591 -8.790955544 -0.021039596 0.999773264 -0.003288716 -1.668205261 -0.074700475 0.001708242 0.997204542 98.186676025
0.990355134 0.019568110 0.137163609 -8.645030975 -0.019640153 0.999806762 -0.000828222 -1.691503882 -0.137153298 -0.001873681 0.990548074 99.098312378
0.984542370 0.019201018 0.174090832 -8.532575607 -0.019414388 0.999811411 -0.000477389 -1.703685999 -0.174067169 -0.002909857 0.984729469 99.546173096
